pathmap atoms    keys= 1246 nodes=32823 child_items=34068 merkle_hash=0x81d1f09ca72a51c231bfdedcc2da70db reused=152 cloned=2004 replaced=259
pathmap atoms    second merkleize: same_hash=true reused=152
--- atoms depth histogram (node depth, not byte depth) ---

	total_nodes	tot_child_cnt	avg_branch	max_child_items	dense_nodes	list_nodes
0	1		2		2.0000		2		0		1
1	0		0		NaN		0		0		0
2	1		7		7.0000		7		1		0
3	7		15		2.1429		5		1		6
4	8		15		1.8750		4		3		5
5	3		3		1.0000		1		0		3
6	8		21		2.6250		5		3		5
7	21		137		6.5238		26		11		10
8	133		143		1.0752		2		0		133
9	80		81		1.0125		2		0		80
10	89		111		1.2472		6		5		84
11	96		123		1.2812		4		5		91
12	109		572		5.2477		84		18		91
13	548		555		1.0128		3		1		547
14	446		474		1.0628		4		8		438
15	484		709		1.4649		37		27		457
16	693		716		1.0332		3		2		691
17	647		677		1.0464		8		5		642
18	647		667		1.0309		4		3		644
19	633		653		1.0316		2		0		633
20	655		703		1.0733		8		9		646
21	685		696		1.0161		2		0		685
22	683		698		1.0220		4		3		680
23	707		741		1.0481		5		6		701
24	666		677		1.0165		2		0		666
25	661		675		1.0212		10		1		660
26	658		659		1.0015		2		0		658
27	614		621		1.0114		4		1		613
28	626		637		1.0176		3		1		625
29	572		576		1.0070		2		0		572
30	555		556		1.0018		2		0		555
31	559		566		1.0125		3		1		558
32	523		531		1.0153		3		2		521
33	534		546		1.0225		4		2		532
34	506		508		1.0040		2		0		506
35	497		503		1.0121		2		0		497
36	512		515		1.0059		3		1		511
37	501		502		1.0020		2		0		501
38	499		499		1.0000		1		0		499
39	490		490		1.0000		1		0		490
40	478		482		1.0084		2		0		478
41	481		485		1.0083		2		0		481
42	474		476		1.0042		2		0		474
43	448		448		1.0000		1		0		448
44	440		441		1.0023		2		0		440
45	424		425		1.0024		2		0		424
46	419		420		1.0024		2		0		419
47	411		411		1.0000		1		0		411
48	215		215		1.0000		1		0		215
49	213		215		1.0094		2		0		213
50	205		206		1.0049		2		0		205
51	110		110		1.0000		1		0		110
52	111		113		1.0180		2		0		111
53	97		97		1.0000		1		0		97
54	98		98		1.0000		1		0		98
55	281		281		1.0000		1		0		281
56	194		194		1.0000		1		0		194
57	199		201		1.0101		2		0		199
58	284		285		1.0035		2		0		284
59	273		273		1.0000		1		0		273
60	275		275		1.0000		1		0		275
61	269		269		1.0000		1		0		269
62	270		270		1.0000		1		0		270
63	269		269		1.0000		1		0		269
64	266		266		1.0000		1		0		266
65	268		268		1.0000		1		0		268
66	263		263		1.0000		1		0		263
67	262		262		1.0000		1		0		262
68	252		253		1.0040		2		0		252
69	182		182		1.0000		1		0		182
70	185		185		1.0000		1		0		185
71	171		171		1.0000		1		0		171
72	163		163		1.0000		1		0		163
73	164		164		1.0000		1		0		164
74	160		160		1.0000		1		0		160
75	162		162		1.0000		1		0		162
76	158		158		1.0000		1		0		158
77	154		154		1.0000		1		0		154
78	157		157		1.0000		1		0		157
79	155		155		1.0000		1		0		155
80	152		152		1.0000		1		0		152
81	151		151		1.0000		1		0		151
82	126		126		1.0000		1		0		126
83	126		126		1.0000		1		0		126
84	117		117		1.0000		1		0		117
85	113		113		1.0000		1		0		113
86	111		111		1.0000		1		0		111
87	108		108		1.0000		1		0		108
88	104		104		1.0000		1		0		104
89	99		99		1.0000		1		0		99
90	88		88		1.0000		1		0		88
91	87		87		1.0000		1		0		87
92	80		80		1.0000		1		0		80
93	32		32		1.0000		1		0		32
94	31		31		1.0000		1		0		31
95	30		30		1.0000		1		0		30
96	26		26		1.0000		1		0		26
97	33		33		1.0000		1		0		33
98	30		30		1.0000		1		0		30
99	33		33		1.0000		1		0		33
100	77		77		1.0000		1		0		77
101	71		71		1.0000		1		0		71
102	69		69		1.0000		1		0		69
103	71		71		1.0000		1		0		71
104	69		69		1.0000		1		0		69
105	68		68		1.0000		1		0		68
106	68		68		1.0000		1		0		68
107	69		69		1.0000		1		0		69
108	69		69		1.0000		1		0		69
109	69		69		1.0000		1		0		69
110	68		68		1.0000		1		0		68
111	69		69		1.0000		1		0		69
112	66		66		1.0000		1		0		66
113	65		65		1.0000		1		0		65
114	64		64		1.0000		1		0		64
115	60		60		1.0000		1		0		60
116	58		58		1.0000		1		0		58
117	58		58		1.0000		1		0		58
118	58		58		1.0000		1		0		58
119	57		57		1.0000		1		0		57
120	56		56		1.0000		1		0		56
121	54		54		1.0000		1		0		54
122	53		53		1.0000		1		0		53
123	53		53		1.0000		1		0		53
124	53		53		1.0000		1		0		53
125	53		53		1.0000		1		0		53
126	52		52		1.0000		1		0		52
127	50		50		1.0000		1		0		50
128	49		49		1.0000		1		0		49
129	48		48		1.0000		1		0		48
130	45		45		1.0000		1		0		45
131	44		44		1.0000		1		0		44
132	42		42		1.0000		1		0		42
133	39		39		1.0000		1		0		39
134	37		37		1.0000		1		0		37
135	13		13		1.0000		1		0		13
136	13		13		1.0000		1		0		13
137	13		13		1.0000		1		0		13
138	11		11		1.0000		1		0		11
139	12		12		1.0000		1		0		12
140	13		13		1.0000		1		0		13
141	14		14		1.0000		1		0		14
142	36		36		1.0000		1		0		36
143	33		33		1.0000		1		0		33
144	32		32		1.0000		1		0		32
145	33		33		1.0000		1		0		33
146	33		33		1.0000		1		0		33
147	31		31		1.0000		1		0		31
148	32		32		1.0000		1		0		32
149	30		30		1.0000		1		0		30
150	31		31		1.0000		1		0		31
151	31		31		1.0000		1		0		31
152	31		31		1.0000		1		0		31
153	31		31		1.0000		1		0		31
154	30		30		1.0000		1		0		30
155	28		28		1.0000		1		0		28
156	28		28		1.0000		1		0		28
157	27		27		1.0000		1		0		27
158	27		27		1.0000		1		0		27
159	27		27		1.0000		1		0		27
160	27		27		1.0000		1		0		27
161	27		27		1.0000		1		0		27
162	28		28		1.0000		1		0		28
163	28		28		1.0000		1		0		28
164	26		26		1.0000		1		0		26
165	25		25		1.0000		1		0		25
166	25		25		1.0000		1		0		25
167	25		25		1.0000		1		0		25
168	24		24		1.0000		1		0		24
169	22		22		1.0000		1		0		22
170	22		22		1.0000		1		0		22
171	22		22		1.0000		1		0		22
172	20		20		1.0000		1		0		20
173	20		20		1.0000		1		0		20
174	16		16		1.0000		1		0		16
175	15		15		1.0000		1		0		15
176	13		13		1.0000		1		0		13
177	3		3		1.0000		1		0		3
178	3		3		1.0000		1		0		3
179	3		3		1.0000		1		0		3
180	3		3		1.0000		1		0		3
181	4		4		1.0000		1		0		4
182	4		4		1.0000		1		0		4
183	5		5		1.0000		1		0		5
184	14		14		1.0000		1		0		14
185	14		14		1.0000		1		0		14
186	15		15		1.0000		1		0		15
187	15		15		1.0000		1		0		15
188	15		15		1.0000		1		0		15
189	15		15		1.0000		1		0		15
190	16		16		1.0000		1		0		16
191	15		15		1.0000		1		0		15
192	15		15		1.0000		1		0		15
193	14		14		1.0000		1		0		14
194	14		14		1.0000		1		0		14
195	14		14		1.0000		1		0		14
196	14		14		1.0000		1		0		14
197	13		13		1.0000		1		0		13
198	13		13		1.0000		1		0		13
199	13		13		1.0000		1		0		13
200	13		13		1.0000		1		0		13
201	13		13		1.0000		1		0		13
202	13		13		1.0000		1		0		13
203	13		13		1.0000		1		0		13
204	14		14		1.0000		1		0		14
205	13		13		1.0000		1		0		13
206	13		13		1.0000		1		0		13
207	13		13		1.0000		1		0		13
208	13		13		1.0000		1		0		13
209	13		13		1.0000		1		0		13
210	12		12		1.0000		1		0		12
211	12		12		1.0000		1		0		12
212	11		11		1.0000		1		0		11
213	11		11		1.0000		1		0		11
214	10		10		1.0000		1		0		10
215	10		10		1.0000		1		0		10
216	9		9		1.0000		1		0		9
217	9		9		1.0000		1		0		9
218	8		8		1.0000		1		0		8
219	1		1		1.0000		1		0		1
220	1		1		1.0000		1		0		1
221	2		2		1.0000		1		0		2
222	2		2		1.0000		1		0		2
223	3		3		1.0000		1		0		3
224	3		3		1.0000		1		0		3
225	4		4		1.0000		1		0		4
226	11		11		1.0000		1		0		11
227	11		11		1.0000		1		0		11
228	11		11		1.0000		1		0		11
229	11		11		1.0000		1		0		11
230	11		11		1.0000		1		0		11
231	11		11		1.0000		1		0		11
232	11		11		1.0000		1		0		11
233	11		11		1.0000		1		0		11
234	11		11		1.0000		1		0		11
235	11		11		1.0000		1		0		11
236	11		11		1.0000		1		0		11
237	10		10		1.0000		1		0		10
238	10		10		1.0000		1		0		10
239	9		9		1.0000		1		0		9
240	9		9		1.0000		1		0		9
241	9		9		1.0000		1		0		9
242	9		9		1.0000		1		0		9
243	9		9		1.0000		1		0		9
244	9		9		1.0000		1		0		9
245	9		9		1.0000		1		0		9
246	10		10		1.0000		1		0		10
247	10		10		1.0000		1		0		10
248	10		10		1.0000		1		0		10
249	10		10		1.0000		1		0		10
250	10		10		1.0000		1		0		10
251	10		10		1.0000		1		0		10
252	10		10		1.0000		1		0		10
253	10		10		1.0000		1		0		10
254	10		10		1.0000		1		0		10
255	10		10		1.0000		1		0		10
256	10		10		1.0000		1		0		10
257	9		9		1.0000		1		0		9
258	8		8		1.0000		1		0		8
259	7		7		1.0000		1		0		7
260	6		6		1.0000		1		0		6
261	1		1		1.0000		1		0		1
262	1		1		1.0000		1		0		1
263	1		1		1.0000		1		0		1
264	1		1		1.0000		1		0		1
265	2		2		1.0000		1		0		2
266	2		2		1.0000		1		0		2
267	3		3		1.0000		1		0		3
268	8		8		1.0000		1		0		8
269	8		8		1.0000		1		0		8
270	8		8		1.0000		1		0		8
271	8		8		1.0000		1		0		8
272	8		8		1.0000		1		0		8
273	8		8		1.0000		1		0		8
274	8		8		1.0000		1		0		8
275	8		8		1.0000		1		0		8
276	8		8		1.0000		1		0		8
277	7		7		1.0000		1		0		7
278	7		7		1.0000		1		0		7
279	7		7		1.0000		1		0		7
280	7		7		1.0000		1		0		7
281	6		6		1.0000		1		0		6
282	6		6		1.0000		1		0		6
283	6		6		1.0000		1		0		6
284	6		6		1.0000		1		0		6
285	6		6		1.0000		1		0		6
286	6		6		1.0000		1		0		6
287	5		5		1.0000		1		0		5
288	6		6		1.0000		1		0		6
289	6		6		1.0000		1		0		6
290	6		6		1.0000		1		0		6
291	6		6		1.0000		1		0		6
292	6		6		1.0000		1		0		6
293	6		6		1.0000		1		0		6
294	6		6		1.0000		1		0		6
295	6		6		1.0000		1		0		6
296	6		6		1.0000		1		0		6
297	6		6		1.0000		1		0		6
298	6		6		1.0000		1		0		6
299	6		6		1.0000		1		0		6
300	5		5		1.0000		1		0		5
301	5		5		1.0000		1		0		5
302	4		4		1.0000		1		0		4
303	1		1		1.0000		1		0		1
304	1		1		1.0000		1		0		1
305	1		1		1.0000		1		0		1
306	1		1		1.0000		1		0		1
307	2		2		1.0000		1		0		2
308	2		2		1.0000		1		0		2
309	3		3		1.0000		1		0		3
310	6		6		1.0000		1		0		6
311	6		6		1.0000		1		0		6
312	6		6		1.0000		1		0		6
313	6		6		1.0000		1		0		6
314	6		6		1.0000		1		0		6
315	5		5		1.0000		1		0		5
316	5		5		1.0000		1		0		5
317	5		5		1.0000		1		0		5
318	5		5		1.0000		1		0		5
319	5		5		1.0000		1		0		5
320	5		5		1.0000		1		0		5
321	4		4		1.0000		1		0		4
322	4		4		1.0000		1		0		4
323	4		4		1.0000		1		0		4
324	4		4		1.0000		1		0		4
325	4		4		1.0000		1		0		4
326	4		4		1.0000		1		0		4
327	4		4		1.0000		1		0		4
328	4		4		1.0000		1		0		4
329	4		4		1.0000		1		0		4
330	4		4		1.0000		1		0		4
331	4		4		1.0000		1		0		4
332	4		4		1.0000		1		0		4
333	4		4		1.0000		1		0		4
334	4		4		1.0000		1		0		4
335	4		4		1.0000		1		0		4
336	4		4		1.0000		1		0		4
337	4		4		1.0000		1		0		4
338	4		4		1.0000		1		0		4
339	4		4		1.0000		1		0		4
340	4		4		1.0000		1		0		4
341	4		4		1.0000		1		0		4
342	4		4		1.0000		1		0		4
343	3		3		1.0000		1		0		3
344	2		2		1.0000		1		0		2
345	0		0		NaN		0		0		0
346	0		0		NaN		0		0		0
347	0		0		NaN		0		0		0
348	0		0		NaN		0		0		0
349	0		0		NaN		0		0		0
350	0		0		NaN		0		0		0
351	1		1		1.0000		1		0		1
352	3		3		1.0000		1		0		3
353	3		3		1.0000		1		0		3
354	3		3		1.0000		1		0		3
355	3		3		1.0000		1		0		3
356	3		3		1.0000		1		0		3
357	3		3		1.0000		1		0		3
358	3		3		1.0000		1		0		3
359	3		3		1.0000		1		0		3
360	2		2		1.0000		1		0		2
361	2		2		1.0000		1		0		2
362	2		2		1.0000		1		0		2
363	2		2		1.0000		1		0		2
364	2		2		1.0000		1		0		2
365	2		2		1.0000		1		0		2
366	2		2		1.0000		1		0		2
367	2		2		1.0000		1		0		2
368	2		2		1.0000		1		0		2
369	2		2		1.0000		1		0		2
370	2		2		1.0000		1		0		2
371	2		2		1.0000		1		0		2
372	2		2		1.0000		1		0		2
373	2		2		1.0000		1		0		2
374	2		2		1.0000		1		0		2
375	2		2		1.0000		1		0		2
376	2		2		1.0000		1		0		2
377	2		2		1.0000		1		0		2
378	2		2		1.0000		1		0		2
379	2		2		1.0000		1		0		2
380	2		2		1.0000		1		0		2
381	2		2		1.0000		1		0		2
382	2		2		1.0000		1		0		2
383	2		2		1.0000		1		0		2
384	2		2		1.0000		1		0		2
385	2		2		1.0000		1		0		2
386	2		2		1.0000		1		0		2
387	0		0		NaN		0		0		0
388	0		0		NaN		0		0		0
389	0		0		NaN		0		0		0
390	0		0		NaN		0		0		0
391	0		0		NaN		0		0		0
392	0		0		NaN		0		0		0
393	0		0		NaN		0		0		0
394	2		2		1.0000		1		0		2
395	2		2		1.0000		1		0		2
396	2		2		1.0000		1		0		2
397	2		2		1.0000		1		0		2
398	2		2		1.0000		1		0		2
399	2		2		1.0000		1		0		2
400	2		2		1.0000		1		0		2
401	2		2		1.0000		1		0		2
402	2		2		1.0000		1		0		2
403	2		2		1.0000		1		0		2
404	2		2		1.0000		1		0		2
405	2		2		1.0000		1		0		2
406	2		2		1.0000		1		0		2
407	2		2		1.0000		1		0		2
408	2		2		1.0000		1		0		2
409	2		2		1.0000		1		0		2
410	2		2		1.0000		1		0		2
411	2		2		1.0000		1		0		2
412	2		2		1.0000		1		0		2
413	2		2		1.0000		1		0		2
414	2		2		1.0000		1		0		2
415	2		2		1.0000		1		0		2
416	2		2		1.0000		1		0		2
417	2		2		1.0000		1		0		2
418	2		2		1.0000		1		0		2
419	2		2		1.0000		1		0		2
420	2		2		1.0000		1		0		2
421	2		2		1.0000		1		0		2
422	2		2		1.0000		1		0		2
423	2		2		1.0000		1		0		2
424	2		2		1.0000		1		0		2
425	2		2		1.0000		1		0		2
426	2		2		1.0000		1		0		2
427	2		2		1.0000		1		0		2
428	2		2		1.0000		1		0		2
429	0		0		NaN		0		0		0
430	0		0		NaN		0		0		0
431	0		0		NaN		0		0		0
432	0		0		NaN		0		0		0
433	0		0		NaN		0		0		0
434	0		0		NaN		0		0		0
435	0		0		NaN		0		0		0
436	2		2		1.0000		1		0		2
437	2		2		1.0000		1		0		2
438	2		2		1.0000		1		0		2
439	2		2		1.0000		1		0		2
440	2		2		1.0000		1		0		2
441	2		2		1.0000		1		0		2
442	2		2		1.0000		1		0		2
443	2		2		1.0000		1		0		2
444	2		2		1.0000		1		0		2
445	2		2		1.0000		1		0		2
446	2		2		1.0000		1		0		2
447	2		2		1.0000		1		0		2
448	2		2		1.0000		1		0		2
449	2		2		1.0000		1		0		2
450	2		2		1.0000		1		0		2
451	2		2		1.0000		1		0		2
452	2		2		1.0000		1		0		2
453	2		2		1.0000		1		0		2
454	2		2		1.0000		1		0		2
455	2		2		1.0000		1		0		2
456	2		2		1.0000		1		0		2
457	2		2		1.0000		1		0		2
458	2		2		1.0000		1		0		2
459	2		2		1.0000		1		0		2
460	2		2		1.0000		1		0		2
461	2		2		1.0000		1		0		2
462	2		2		1.0000		1		0		2
463	2		2		1.0000		1		0		2
464	2		2		1.0000		1		0		2
465	2		2		1.0000		1		0		2
466	2		2		1.0000		1		0		2
467	2		2		1.0000		1		0		2
468	2		2		1.0000		1		0		2
469	2		2		1.0000		1		0		2
470	2		2		1.0000		1		0		2
471	0		0		NaN		0		0		0
472	0		0		NaN		0		0		0
473	0		0		NaN		0		0		0
474	0		0		NaN		0		0		0
475	0		0		NaN		0		0		0
476	0		0		NaN		0		0		0
477	0		0		NaN		0		0		0
478	2		2		1.0000		1		0		2
479	2		2		1.0000		1		0		2
480	2		2		1.0000		1		0		2
481	2		2		1.0000		1		0		2
482	2		2		1.0000		1		0		2
483	2		2		1.0000		1		0		2
484	2		2		1.0000		1		0		2
485	2		2		1.0000		1		0		2
486	2		2		1.0000		1		0		2
487	2		2		1.0000		1		0		2
488	2		2		1.0000		1		0		2
489	2		2		1.0000		1		0		2
490	2		2		1.0000		1		0		2
491	2		2		1.0000		1		0		2
492	2		2		1.0000		1		0		2
493	2		2		1.0000		1		0		2
494	2		2		1.0000		1		0		2
495	2		2		1.0000		1		0		2
496	2		2		1.0000		1		0		2
497	2		2		1.0000		1		0		2
498	2		2		1.0000		1		0		2
499	2		2		1.0000		1		0		2
500	2		2		1.0000		1		0		2
501	2		2		1.0000		1		0		2
502	2		2		1.0000		1		0		2
503	2		2		1.0000		1		0		2
504	2		2		1.0000		1		0		2
505	2		2		1.0000		1		0		2
506	2		2		1.0000		1		0		2
507	2		2		1.0000		1		0		2
508	2		2		1.0000		1		0		2
509	2		2		1.0000		1		0		2
510	2		2		1.0000		1		0		2
511	2		2		1.0000		1		0		2
512	2		2		1.0000		1		0		2
513	0		0		NaN		0		0		0
514	0		0		NaN		0		0		0
515	0		0		NaN		0		0		0
516	0		0		NaN		0		0		0
517	0		0		NaN		0		0		0
518	0		0		NaN		0		0		0
519	0		0		NaN		0		0		0
520	2		2		1.0000		1		0		2
521	2		2		1.0000		1		0		2
522	2		2		1.0000		1		0		2
523	2		2		1.0000		1		0		2
524	2		2		1.0000		1		0		2
525	2		2		1.0000		1		0		2
526	2		2		1.0000		1		0		2
527	2		2		1.0000		1		0		2
528	2		2		1.0000		1		0		2
529	2		2		1.0000		1		0		2
530	2		2		1.0000		1		0		2
531	2		2		1.0000		1		0		2
532	2		2		1.0000		1		0		2
533	2		2		1.0000		1		0		2
534	2		2		1.0000		1		0		2
535	2		2		1.0000		1		0		2
536	2		2		1.0000		1		0		2
537	2		2		1.0000		1		0		2
538	2		2		1.0000		1		0		2
539	2		2		1.0000		1		0		2
540	2		2		1.0000		1		0		2
541	2		2		1.0000		1		0		2
542	2		2		1.0000		1		0		2
543	2		2		1.0000		1		0		2
544	2		2		1.0000		1		0		2
545	2		2		1.0000		1		0		2
546	2		2		1.0000		1		0		2
547	2		2		1.0000		1		0		2
548	2		2		1.0000		1		0		2
549	2		2		1.0000		1		0		2
550	2		2		1.0000		1		0		2
551	2		2		1.0000		1		0		2
552	2		2		1.0000		1		0		2
553	2		2		1.0000		1		0		2
554	2		2		1.0000		1		0		2
555	0		0		NaN		0		0		0
556	0		0		NaN		0		0		0
557	0		0		NaN		0		0		0
558	0		0		NaN		0		0		0
559	0		0		NaN		0		0		0
560	0		0		NaN		0		0		0
561	0		0		NaN		0		0		0
562	2		2		1.0000		1		0		2
563	2		2		1.0000		1		0		2
564	2		2		1.0000		1		0		2
565	2		2		1.0000		1		0		2
566	2		2		1.0000		1		0		2
567	2		2		1.0000		1		0		2
568	2		2		1.0000		1		0		2
569	2		2		1.0000		1		0		2
570	2		2		1.0000		1		0		2
571	2		2		1.0000		1		0		2
572	2		2		1.0000		1		0		2
573	2		2		1.0000		1		0		2
574	1		1		1.0000		1		0		1
575	1		1		1.0000		1		0		1
576	1		1		1.0000		1		0		1
577	1		1		1.0000		1		0		1
578	1		1		1.0000		1		0		1
579	1		1		1.0000		1		0		1
580	1		1		1.0000		1		0		1
581	1		1		1.0000		1		0		1
582	1		1		1.0000		1		0		1
583	1		1		1.0000		1		0		1
584	1		1		1.0000		1		0		1
585	1		1		1.0000		1		0		1
586	1		1		1.0000		1		0		1
587	1		1		1.0000		1		0		1
588	1		1		1.0000		1		0		1
589	1		1		1.0000		1		0		1
590	1		1		1.0000		1		0		1
591	1		1		1.0000		1		0		1
592	1		1		1.0000		1		0		1
593	1		1		1.0000		1		0		1
594	1		1		1.0000		1		0		1
595	1		1		1.0000		1		0		1
596	1		1		1.0000		1		0		1
597	0		0		NaN		0		0		0
598	0		0		NaN		0		0		0
599	0		0		NaN		0		0		0
600	0		0		NaN		0		0		0
601	0		0		NaN		0		0		0
602	0		0		NaN		0		0		0
603	0		0		NaN		0		0		0
604	1		1		1.0000		1		0		1
605	1		1		1.0000		1		0		1
606	1		1		1.0000		1		0		1
607	1		1		1.0000		1		0		1
608	1		1		1.0000		1		0		1
609	1		1		1.0000		1		0		1
610	1		1		1.0000		1		0		1
611	1		1		1.0000		1		0		1
TOTAL nodes: 32823, items: 34068, avg children-per-node: 1.0379307
pathmap triples  keys= 4096 nodes= 3160 child_items= 7255 merkle_hash=0xd79dc03c60a8f282a831c3583b6c440e reused=1565 cloned=2264 replaced=2138
pathmap triples  second merkleize: same_hash=true reused=1565
--- triples depth histogram (node depth, not byte depth) ---

	total_nodes	tot_child_cnt	avg_branch	max_child_items	dense_nodes	list_nodes
0	1		1		1.0000		1		0		1
1	0		0		NaN		0		0		0
2	0		0		NaN		0		0		0
3	1		3		3.0000		3		1		0
4	3		3		1.0000		1		0		3
5	0		0		NaN		0		0		0
6	3		131		43.6667		54		3		0
7	131		521		3.9771		13		93		38
8	463		463		1.0000		1		0		463
9	0		0		NaN		0		0		0
10	370		2385		6.4459		50		270		100
11	2188		3748		1.7130		19		312		1876
TOTAL nodes: 3160, items: 7255, avg children-per-node: 2.295886
