pathmap atoms    keys= 1246 nodes=83210 child_items=84455 merkle_hash=0xcdff8af0a38b239c89b10da07ad72621 reused=61 cloned=3846 replaced=324
pathmap atoms    second merkleize: same_hash=true reused=61
--- atoms depth histogram (node depth, not byte depth) ---

	total_nodes	tot_child_cnt	avg_branch	max_child_items	dense_nodes	list_nodes
0	1		2		2.0000		2		0		1
1	0		0		NaN		0		0		0
2	2		14		7.0000		7		2		0
3	13		22		1.6923		5		1		12
4	6		6		1.0000		1		0		6
5	11		67		6.0909		21		4		7
6	67		121		1.8060		10		12		55
7	107		111		1.0374		2		0		107
8	95		99		1.0421		3		1		94
9	100		128		1.2800		21		2		98
10	126		266		2.1111		22		16		110
11	261		295		1.1303		3		7		254
12	288		388		1.3472		25		10		278
13	383		590		1.5405		16		42		341
14	576		634		1.1007		4		9		567
15	604		654		1.0828		10		9		595
16	641		657		1.0250		4		2		639
17	625		639		1.0224		3		1		624
18	630		646		1.0254		3		1		629
19	627		641		1.0223		4		3		624
20	625		636		1.0176		3		3		622
21	622		635		1.0209		6		1		621
22	625		663		1.0608		11		6		619
23	644		690		1.0714		12		11		633
24	676		697		1.0311		4		3		673
25	661		670		1.0136		3		2		659
26	660		672		1.0182		2		0		660
27	601		610		1.0150		4		1		600
28	580		592		1.0207		3		2		578
29	571		578		1.0123		2		0		571
30	570		604		1.0596		9		6		564
31	601		629		1.0466		6		4		597
32	608		613		1.0082		3		1		607
33	586		600		1.0239		5		3		583
34	636		652		1.0252		3		4		632
35	666		674		1.0120		3		1		665
36	670		688		1.0269		5		3		667
37	675		692		1.0252		3		2		673
38	681		690		1.0132		3		1		680
39	673		675		1.0030		2		0		673
40	658		666		1.0122		7		1		657
41	633		635		1.0032		2		0		633
42	606		607		1.0017		2		0		606
43	594		597		1.0051		2		0		594
44	592		601		1.0152		4		2		590
45	568		573		1.0088		2		0		568
46	532		536		1.0075		3		1		531
47	514		514		1.0000		1		0		514
48	466		469		1.0064		2		0		466
49	354		359		1.0141		5		1		353
50	338		343		1.0148		3		1		337
51	324		326		1.0062		2		0		324
52	334		335		1.0030		2		0		334
53	361		366		1.0139		2		0		361
54	356		360		1.0112		3		1		355
55	409		409		1.0000		1		0		409
56	507		508		1.0020		2		0		507
57	512		516		1.0078		2		0		512
58	506		515		1.0178		5		1		505
59	496		502		1.0121		4		2		494
60	485		487		1.0041		2		0		485
61	463		464		1.0022		2		0		463
62	465		466		1.0022		2		0		465
63	457		457		1.0000		1		0		457
64	456		456		1.0000		1		0		456
65	467		468		1.0021		2		0		467
66	459		460		1.0022		2		0		459
67	444		444		1.0000		1		0		444
68	437		437		1.0000		1		0		437
69	404		405		1.0025		2		0		404
70	396		398		1.0051		2		0		396
71	389		391		1.0051		3		1		388
72	380		380		1.0000		1		0		380
73	382		383		1.0026		2		0		382
74	380		380		1.0000		1		0		380
75	370		371		1.0027		2		0		370
76	398		401		1.0075		3		1		397
77	402		402		1.0000		1		0		402
78	405		405		1.0000		1		0		405
79	404		404		1.0000		1		0		404
80	402		403		1.0025		2		0		402
81	398		400		1.0050		3		1		397
82	391		391		1.0000		1		0		391
83	384		386		1.0052		2		0		384
84	375		375		1.0000		1		0		375
85	366		366		1.0000		1		0		366
86	362		362		1.0000		1		0		362
87	360		360		1.0000		1		0		360
88	353		354		1.0028		2		0		353
89	351		351		1.0000		1		0		351
90	298		298		1.0000		1		0		298
91	204		204		1.0000		1		0		204
92	189		189		1.0000		1		0		189
93	178		178		1.0000		1		0		178
94	176		176		1.0000		1		0		176
95	175		175		1.0000		1		0		175
96	175		175		1.0000		1		0		175
97	225		225		1.0000		1		0		225
98	321		321		1.0000		1		0		321
99	330		330		1.0000		1		0		330
100	330		330		1.0000		1		0		330
101	320		320		1.0000		1		0		320
102	319		319		1.0000		1		0		319
103	316		316		1.0000		1		0		316
104	317		317		1.0000		1		0		317
105	317		317		1.0000		1		0		317
106	319		319		1.0000		1		0		319
107	324		324		1.0000		1		0		324
108	323		323		1.0000		1		0		323
109	320		320		1.0000		1		0		320
110	316		316		1.0000		1		0		316
111	293		293		1.0000		1		0		293
112	280		280		1.0000		1		0		280
113	274		274		1.0000		1		0		274
114	273		273		1.0000		1		0		273
115	276		276		1.0000		1		0		276
116	274		274		1.0000		1		0		274
117	270		270		1.0000		1		0		270
118	292		292		1.0000		1		0		292
119	301		301		1.0000		1		0		301
120	304		304		1.0000		1		0		304
121	299		299		1.0000		1		0		299
122	295		295		1.0000		1		0		295
123	293		293		1.0000		1		0		293
124	291		291		1.0000		1		0		291
125	283		283		1.0000		1		0		283
126	275		275		1.0000		1		0		275
127	270		270		1.0000		1		0		270
128	269		269		1.0000		1		0		269
129	268		268		1.0000		1		0		268
130	265		265		1.0000		1		0		265
131	262		262		1.0000		1		0		262
132	216		216		1.0000		1		0		216
133	136		136		1.0000		1		0		136
134	121		121		1.0000		1		0		121
135	116		116		1.0000		1		0		116
136	117		117		1.0000		1		0		117
137	117		117		1.0000		1		0		117
138	119		119		1.0000		1		0		119
139	161		161		1.0000		1		0		161
140	239		239		1.0000		1		0		239
141	252		252		1.0000		1		0		252
142	247		247		1.0000		1		0		247
143	243		243		1.0000		1		0		243
144	243		243		1.0000		1		0		243
145	245		245		1.0000		1		0		245
146	246		246		1.0000		1		0		246
147	243		243		1.0000		1		0		243
148	246		246		1.0000		1		0		246
149	252		252		1.0000		1		0		252
150	250		250		1.0000		1		0		250
151	250		250		1.0000		1		0		250
152	247		247		1.0000		1		0		247
153	224		224		1.0000		1		0		224
154	213		213		1.0000		1		0		213
155	208		208		1.0000		1		0		208
156	208		208		1.0000		1		0		208
157	209		209		1.0000		1		0		209
158	208		208		1.0000		1		0		208
159	206		206		1.0000		1		0		206
160	226		226		1.0000		1		0		226
161	234		234		1.0000		1		0		234
162	236		236		1.0000		1		0		236
163	234		234		1.0000		1		0		234
164	231		231		1.0000		1		0		231
165	232		232		1.0000		1		0		232
166	225		225		1.0000		1		0		225
167	223		223		1.0000		1		0		223
168	217		217		1.0000		1		0		217
169	210		210		1.0000		1		0		210
170	209		209		1.0000		1		0		209
171	207		207		1.0000		1		0		207
172	205		205		1.0000		1		0		205
173	203		203		1.0000		1		0		203
174	163		163		1.0000		1		0		163
175	97		97		1.0000		1		0		97
176	84		84		1.0000		1		0		84
177	81		81		1.0000		1		0		81
178	81		81		1.0000		1		0		81
179	79		79		1.0000		1		0		79
180	82		82		1.0000		1		0		82
181	117		117		1.0000		1		0		117
182	186		186		1.0000		1		0		186
183	189		189		1.0000		1		0		189
184	188		188		1.0000		1		0		188
185	185		185		1.0000		1		0		185
186	186		186		1.0000		1		0		186
187	185		185		1.0000		1		0		185
188	188		188		1.0000		1		0		188
189	187		187		1.0000		1		0		187
190	191		191		1.0000		1		0		191
191	189		189		1.0000		1		0		189
192	188		188		1.0000		1		0		188
193	188		188		1.0000		1		0		188
194	187		187		1.0000		1		0		187
195	168		168		1.0000		1		0		168
196	161		161		1.0000		1		0		161
197	152		152		1.0000		1		0		152
198	150		150		1.0000		1		0		150
199	150		150		1.0000		1		0		150
200	149		149		1.0000		1		0		149
201	148		148		1.0000		1		0		148
202	166		166		1.0000		1		0		166
203	172		172		1.0000		1		0		172
204	177		177		1.0000		1		0		177
205	174		174		1.0000		1		0		174
206	171		171		1.0000		1		0		171
207	169		169		1.0000		1		0		169
208	167		167		1.0000		1		0		167
209	166		166		1.0000		1		0		166
210	162		162		1.0000		1		0		162
211	159		159		1.0000		1		0		159
212	158		158		1.0000		1		0		158
213	155		155		1.0000		1		0		155
214	150		150		1.0000		1		0		150
215	149		149		1.0000		1		0		149
216	108		108		1.0000		1		0		108
217	56		56		1.0000		1		0		56
218	49		49		1.0000		1		0		49
219	47		47		1.0000		1		0		47
220	49		49		1.0000		1		0		49
221	47		47		1.0000		1		0		47
222	49		49		1.0000		1		0		49
223	84		84		1.0000		1		0		84
224	134		134		1.0000		1		0		134
225	137		137		1.0000		1		0		137
226	136		136		1.0000		1		0		136
227	134		134		1.0000		1		0		134
228	131		131		1.0000		1		0		131
229	131		131		1.0000		1		0		131
230	133		133		1.0000		1		0		133
231	131		131		1.0000		1		0		131
232	133		133		1.0000		1		0		133
233	133		133		1.0000		1		0		133
234	133		133		1.0000		1		0		133
235	135		135		1.0000		1		0		135
236	132		132		1.0000		1		0		132
237	118		118		1.0000		1		0		118
238	111		111		1.0000		1		0		111
239	105		105		1.0000		1		0		105
240	105		105		1.0000		1		0		105
241	105		105		1.0000		1		0		105
242	102		102		1.0000		1		0		102
243	103		103		1.0000		1		0		103
244	116		116		1.0000		1		0		116
245	122		122		1.0000		1		0		122
246	126		126		1.0000		1		0		126
247	126		126		1.0000		1		0		126
248	124		124		1.0000		1		0		124
249	123		123		1.0000		1		0		123
250	122		122		1.0000		1		0		122
251	121		121		1.0000		1		0		121
252	117		117		1.0000		1		0		117
253	113		113		1.0000		1		0		113
254	113		113		1.0000		1		0		113
255	111		111		1.0000		1		0		111
256	109		109		1.0000		1		0		109
257	108		108		1.0000		1		0		108
258	78		78		1.0000		1		0		78
259	43		43		1.0000		1		0		43
260	38		38		1.0000		1		0		38
261	37		37		1.0000		1		0		37
262	39		39		1.0000		1		0		39
263	37		37		1.0000		1		0		37
264	36		36		1.0000		1		0		36
265	62		62		1.0000		1		0		62
266	97		97		1.0000		1		0		97
267	101		101		1.0000		1		0		101
268	98		98		1.0000		1		0		98
269	97		97		1.0000		1		0		97
270	96		96		1.0000		1		0		96
271	95		95		1.0000		1		0		95
272	98		98		1.0000		1		0		98
273	98		98		1.0000		1		0		98
274	99		99		1.0000		1		0		99
275	98		98		1.0000		1		0		98
276	98		98		1.0000		1		0		98
277	98		98		1.0000		1		0		98
278	97		97		1.0000		1		0		97
279	86		86		1.0000		1		0		86
280	82		82		1.0000		1		0		82
281	79		79		1.0000		1		0		79
282	79		79		1.0000		1		0		79
283	79		79		1.0000		1		0		79
284	78		78		1.0000		1		0		78
285	79		79		1.0000		1		0		79
286	88		88		1.0000		1		0		88
287	90		90		1.0000		1		0		90
288	91		91		1.0000		1		0		91
289	91		91		1.0000		1		0		91
290	89		89		1.0000		1		0		89
291	89		89		1.0000		1		0		89
292	88		88		1.0000		1		0		88
293	88		88		1.0000		1		0		88
294	86		86		1.0000		1		0		86
295	86		86		1.0000		1		0		86
296	86		86		1.0000		1		0		86
297	86		86		1.0000		1		0		86
298	82		82		1.0000		1		0		82
299	81		81		1.0000		1		0		81
300	55		55		1.0000		1		0		55
301	28		28		1.0000		1		0		28
302	23		23		1.0000		1		0		23
303	23		23		1.0000		1		0		23
304	24		24		1.0000		1		0		24
305	21		21		1.0000		1		0		21
306	22		22		1.0000		1		0		22
307	45		45		1.0000		1		0		45
308	70		70		1.0000		1		0		70
309	75		75		1.0000		1		0		75
310	75		75		1.0000		1		0		75
311	75		75		1.0000		1		0		75
312	76		76		1.0000		1		0		76
313	74		74		1.0000		1		0		74
314	75		75		1.0000		1		0		75
315	74		74		1.0000		1		0		74
316	73		73		1.0000		1		0		73
317	72		72		1.0000		1		0		72
318	72		72		1.0000		1		0		72
319	74		74		1.0000		1		0		74
320	71		71		1.0000		1		0		71
321	62		62		1.0000		1		0		62
322	60		60		1.0000		1		0		60
323	58		58		1.0000		1		0		58
324	58		58		1.0000		1		0		58
325	57		57		1.0000		1		0		57
326	57		57		1.0000		1		0		57
327	58		58		1.0000		1		0		58
328	65		65		1.0000		1		0		65
329	66		66		1.0000		1		0		66
330	68		68		1.0000		1		0		68
331	66		66		1.0000		1		0		66
332	64		64		1.0000		1		0		64
333	63		63		1.0000		1		0		63
334	61		61		1.0000		1		0		61
335	61		61		1.0000		1		0		61
336	60		60		1.0000		1		0		60
337	60		60		1.0000		1		0		60
338	60		60		1.0000		1		0		60
339	60		60		1.0000		1		0		60
340	60		60		1.0000		1		0		60
341	58		58		1.0000		1		0		58
342	41		41		1.0000		1		0		41
343	20		20		1.0000		1		0		20
344	17		17		1.0000		1		0		17
345	17		17		1.0000		1		0		17
346	18		18		1.0000		1		0		18
347	16		16		1.0000		1		0		16
348	17		17		1.0000		1		0		17
349	32		32		1.0000		1		0		32
350	52		52		1.0000		1		0		52
351	54		54		1.0000		1		0		54
352	54		54		1.0000		1		0		54
353	53		53		1.0000		1		0		53
354	52		52		1.0000		1		0		52
355	51		51		1.0000		1		0		51
356	51		51		1.0000		1		0		51
357	51		51		1.0000		1		0		51
358	51		51		1.0000		1		0		51
359	50		50		1.0000		1		0		50
360	50		50		1.0000		1		0		50
361	52		52		1.0000		1		0		52
362	50		50		1.0000		1		0		50
363	42		42		1.0000		1		0		42
364	39		39		1.0000		1		0		39
365	37		37		1.0000		1		0		37
366	36		36		1.0000		1		0		36
367	36		36		1.0000		1		0		36
368	36		36		1.0000		1		0		36
369	37		37		1.0000		1		0		37
370	44		44		1.0000		1		0		44
371	46		46		1.0000		1		0		46
372	46		46		1.0000		1		0		46
373	45		45		1.0000		1		0		45
374	42		42		1.0000		1		0		42
375	42		42		1.0000		1		0		42
376	40		40		1.0000		1		0		40
377	40		40		1.0000		1		0		40
378	40		40		1.0000		1		0		40
379	40		40		1.0000		1		0		40
380	39		39		1.0000		1		0		39
381	39		39		1.0000		1		0		39
382	38		38		1.0000		1		0		38
383	37		37		1.0000		1		0		37
384	24		24		1.0000		1		0		24
385	10		10		1.0000		1		0		10
386	9		9		1.0000		1		0		9
387	9		9		1.0000		1		0		9
388	10		10		1.0000		1		0		10
389	8		8		1.0000		1		0		8
390	8		8		1.0000		1		0		8
391	19		19		1.0000		1		0		19
392	32		32		1.0000		1		0		32
393	32		32		1.0000		1		0		32
394	32		32		1.0000		1		0		32
395	31		31		1.0000		1		0		31
396	31		31		1.0000		1		0		31
397	30		30		1.0000		1		0		30
398	30		30		1.0000		1		0		30
399	30		30		1.0000		1		0		30
400	30		30		1.0000		1		0		30
401	30		30		1.0000		1		0		30
402	30		30		1.0000		1		0		30
403	31		31		1.0000		1		0		31
404	30		30		1.0000		1		0		30
405	27		27		1.0000		1		0		27
406	27		27		1.0000		1		0		27
407	26		26		1.0000		1		0		26
408	26		26		1.0000		1		0		26
409	25		25		1.0000		1		0		25
410	25		25		1.0000		1		0		25
411	25		25		1.0000		1		0		25
412	27		27		1.0000		1		0		27
413	27		27		1.0000		1		0		27
414	27		27		1.0000		1		0		27
415	27		27		1.0000		1		0		27
416	26		26		1.0000		1		0		26
417	26		26		1.0000		1		0		26
418	26		26		1.0000		1		0		26
419	26		26		1.0000		1		0		26
420	26		26		1.0000		1		0		26
421	25		25		1.0000		1		0		25
422	25		25		1.0000		1		0		25
423	26		26		1.0000		1		0		26
424	26		26		1.0000		1		0		26
425	25		25		1.0000		1		0		25
426	16		16		1.0000		1		0		16
427	6		6		1.0000		1		0		6
428	5		5		1.0000		1		0		5
429	5		5		1.0000		1		0		5
430	5		5		1.0000		1		0		5
431	5		5		1.0000		1		0		5
432	6		6		1.0000		1		0		6
433	15		15		1.0000		1		0		15
434	24		24		1.0000		1		0		24
435	25		25		1.0000		1		0		25
436	25		25		1.0000		1		0		25
437	25		25		1.0000		1		0		25
438	24		24		1.0000		1		0		24
439	24		24		1.0000		1		0		24
440	24		24		1.0000		1		0		24
441	24		24		1.0000		1		0		24
442	24		24		1.0000		1		0		24
443	24		24		1.0000		1		0		24
444	24		24		1.0000		1		0		24
445	25		25		1.0000		1		0		25
446	23		23		1.0000		1		0		23
447	20		20		1.0000		1		0		20
448	20		20		1.0000		1		0		20
449	20		20		1.0000		1		0		20
450	20		20		1.0000		1		0		20
451	20		20		1.0000		1		0		20
452	20		20		1.0000		1		0		20
453	20		20		1.0000		1		0		20
454	22		22		1.0000		1		0		22
455	22		22		1.0000		1		0		22
456	22		22		1.0000		1		0		22
457	22		22		1.0000		1		0		22
458	21		21		1.0000		1		0		21
459	21		21		1.0000		1		0		21
460	21		21		1.0000		1		0		21
461	21		21		1.0000		1		0		21
462	21		21		1.0000		1		0		21
463	21		21		1.0000		1		0		21
464	20		20		1.0000		1		0		20
465	21		21		1.0000		1		0		21
466	21		21		1.0000		1		0		21
467	20		20		1.0000		1		0		20
468	15		15		1.0000		1		0		15
469	6		6		1.0000		1		0		6
470	5		5		1.0000		1		0		5
471	5		5		1.0000		1		0		5
472	5		5		1.0000		1		0		5
473	4		4		1.0000		1		0		4
474	4		4		1.0000		1		0		4
475	9		9		1.0000		1		0		9
476	18		18		1.0000		1		0		18
477	19		19		1.0000		1		0		19
478	19		19		1.0000		1		0		19
479	18		18		1.0000		1		0		18
480	18		18		1.0000		1		0		18
481	17		17		1.0000		1		0		17
482	17		17		1.0000		1		0		17
483	17		17		1.0000		1		0		17
484	17		17		1.0000		1		0		17
485	17		17		1.0000		1		0		17
486	17		17		1.0000		1		0		17
487	17		17		1.0000		1		0		17
488	16		16		1.0000		1		0		16
489	14		14		1.0000		1		0		14
490	14		14		1.0000		1		0		14
491	14		14		1.0000		1		0		14
492	14		14		1.0000		1		0		14
493	14		14		1.0000		1		0		14
494	13		13		1.0000		1		0		13
495	13		13		1.0000		1		0		13
496	15		15		1.0000		1		0		15
497	15		15		1.0000		1		0		15
498	15		15		1.0000		1		0		15
499	15		15		1.0000		1		0		15
500	14		14		1.0000		1		0		14
501	14		14		1.0000		1		0		14
502	14		14		1.0000		1		0		14
503	14		14		1.0000		1		0		14
504	14		14		1.0000		1		0		14
505	14		14		1.0000		1		0		14
506	14		14		1.0000		1		0		14
507	15		15		1.0000		1		0		15
508	15		15		1.0000		1		0		15
509	15		15		1.0000		1		0		15
510	10		10		1.0000		1		0		10
511	4		4		1.0000		1		0		4
512	3		3		1.0000		1		0		3
513	3		3		1.0000		1		0		3
514	3		3		1.0000		1		0		3
515	3		3		1.0000		1		0		3
516	3		3		1.0000		1		0		3
517	8		8		1.0000		1		0		8
518	13		13		1.0000		1		0		13
519	14		14		1.0000		1		0		14
520	13		13		1.0000		1		0		13
521	13		13		1.0000		1		0		13
522	13		13		1.0000		1		0		13
523	13		13		1.0000		1		0		13
524	13		13		1.0000		1		0		13
525	13		13		1.0000		1		0		13
526	13		13		1.0000		1		0		13
527	13		13		1.0000		1		0		13
528	13		13		1.0000		1		0		13
529	13		13		1.0000		1		0		13
530	12		12		1.0000		1		0		12
531	10		10		1.0000		1		0		10
532	10		10		1.0000		1		0		10
533	10		10		1.0000		1		0		10
534	10		10		1.0000		1		0		10
535	10		10		1.0000		1		0		10
536	10		10		1.0000		1		0		10
537	10		10		1.0000		1		0		10
538	12		12		1.0000		1		0		12
539	10		10		1.0000		1		0		10
540	10		10		1.0000		1		0		10
541	10		10		1.0000		1		0		10
542	9		9		1.0000		1		0		9
543	9		9		1.0000		1		0		9
544	9		9		1.0000		1		0		9
545	9		9		1.0000		1		0		9
546	9		9		1.0000		1		0		9
547	9		9		1.0000		1		0		9
548	8		8		1.0000		1		0		8
549	9		9		1.0000		1		0		9
550	9		9		1.0000		1		0		9
551	9		9		1.0000		1		0		9
552	7		7		1.0000		1		0		7
553	3		3		1.0000		1		0		3
554	3		3		1.0000		1		0		3
555	3		3		1.0000		1		0		3
556	3		3		1.0000		1		0		3
557	3		3		1.0000		1		0		3
558	3		3		1.0000		1		0		3
559	5		5		1.0000		1		0		5
560	9		9		1.0000		1		0		9
561	9		9		1.0000		1		0		9
562	9		9		1.0000		1		0		9
563	8		8		1.0000		1		0		8
564	8		8		1.0000		1		0		8
565	8		8		1.0000		1		0		8
566	8		8		1.0000		1		0		8
567	7		7		1.0000		1		0		7
568	7		7		1.0000		1		0		7
569	7		7		1.0000		1		0		7
570	7		7		1.0000		1		0		7
571	7		7		1.0000		1		0		7
572	7		7		1.0000		1		0		7
573	5		5		1.0000		1		0		5
574	5		5		1.0000		1		0		5
575	5		5		1.0000		1		0		5
576	5		5		1.0000		1		0		5
577	5		5		1.0000		1		0		5
578	5		5		1.0000		1		0		5
579	5		5		1.0000		1		0		5
580	6		6		1.0000		1		0		6
581	6		6		1.0000		1		0		6
582	6		6		1.0000		1		0		6
583	6		6		1.0000		1		0		6
584	5		5		1.0000		1		0		5
585	5		5		1.0000		1		0		5
586	5		5		1.0000		1		0		5
587	5		5		1.0000		1		0		5
588	5		5		1.0000		1		0		5
589	5		5		1.0000		1		0		5
590	5		5		1.0000		1		0		5
591	6		6		1.0000		1		0		6
592	6		6		1.0000		1		0		6
593	6		6		1.0000		1		0		6
594	4		4		1.0000		1		0		4
595	2		2		1.0000		1		0		2
596	2		2		1.0000		1		0		2
597	2		2		1.0000		1		0		2
598	2		2		1.0000		1		0		2
599	2		2		1.0000		1		0		2
600	2		2		1.0000		1		0		2
601	4		4		1.0000		1		0		4
602	6		6		1.0000		1		0		6
603	5		5		1.0000		1		0		5
604	5		5		1.0000		1		0		5
605	5		5		1.0000		1		0		5
606	5		5		1.0000		1		0		5
607	5		5		1.0000		1		0		5
608	5		5		1.0000		1		0		5
609	5		5		1.0000		1		0		5
610	5		5		1.0000		1		0		5
611	5		5		1.0000		1		0		5
612	5		5		1.0000		1		0		5
613	5		5		1.0000		1		0		5
614	5		5		1.0000		1		0		5
615	4		4		1.0000		1		0		4
616	4		4		1.0000		1		0		4
617	4		4		1.0000		1		0		4
618	4		4		1.0000		1		0		4
619	4		4		1.0000		1		0		4
620	4		4		1.0000		1		0		4
621	4		4		1.0000		1		0		4
622	5		5		1.0000		1		0		5
623	4		4		1.0000		1		0		4
624	4		4		1.0000		1		0		4
625	4		4		1.0000		1		0		4
626	3		3		1.0000		1		0		3
627	3		3		1.0000		1		0		3
628	3		3		1.0000		1		0		3
629	3		3		1.0000		1		0		3
630	3		3		1.0000		1		0		3
631	2		2		1.0000		1		0		2
632	2		2		1.0000		1		0		2
633	3		3		1.0000		1		0		3
634	3		3		1.0000		1		0		3
635	3		3		1.0000		1		0		3
636	2		2		1.0000		1		0		2
637	1		1		1.0000		1		0		1
638	1		1		1.0000		1		0		1
639	1		1		1.0000		1		0		1
640	1		1		1.0000		1		0		1
641	1		1		1.0000		1		0		1
642	1		1		1.0000		1		0		1
643	2		2		1.0000		1		0		2
644	3		3		1.0000		1		0		3
645	3		3		1.0000		1		0		3
646	3		3		1.0000		1		0		3
647	3		3		1.0000		1		0		3
648	3		3		1.0000		1		0		3
649	3		3		1.0000		1		0		3
650	3		3		1.0000		1		0		3
651	3		3		1.0000		1		0		3
652	3		3		1.0000		1		0		3
653	3		3		1.0000		1		0		3
654	3		3		1.0000		1		0		3
655	3		3		1.0000		1		0		3
656	3		3		1.0000		1		0		3
657	3		3		1.0000		1		0		3
658	3		3		1.0000		1		0		3
659	3		3		1.0000		1		0		3
660	3		3		1.0000		1		0		3
661	3		3		1.0000		1		0		3
662	3		3		1.0000		1		0		3
663	3		3		1.0000		1		0		3
664	3		3		1.0000		1		0		3
665	3		3		1.0000		1		0		3
666	3		3		1.0000		1		0		3
667	3		3		1.0000		1		0		3
668	2		2		1.0000		1		0		2
669	2		2		1.0000		1		0		2
670	2		2		1.0000		1		0		2
671	2		2		1.0000		1		0		2
672	2		2		1.0000		1		0		2
673	2		2		1.0000		1		0		2
674	2		2		1.0000		1		0		2
675	3		3		1.0000		1		0		3
676	3		3		1.0000		1		0		3
677	3		3		1.0000		1		0		3
678	2		2		1.0000		1		0		2
679	1		1		1.0000		1		0		1
680	1		1		1.0000		1		0		1
681	1		1		1.0000		1		0		1
682	1		1		1.0000		1		0		1
683	1		1		1.0000		1		0		1
684	1		1		1.0000		1		0		1
685	2		2		1.0000		1		0		2
686	3		3		1.0000		1		0		3
687	3		3		1.0000		1		0		3
688	3		3		1.0000		1		0		3
689	3		3		1.0000		1		0		3
690	3		3		1.0000		1		0		3
691	3		3		1.0000		1		0		3
692	3		3		1.0000		1		0		3
693	3		3		1.0000		1		0		3
694	3		3		1.0000		1		0		3
695	3		3		1.0000		1		0		3
696	3		3		1.0000		1		0		3
697	3		3		1.0000		1		0		3
698	3		3		1.0000		1		0		3
699	3		3		1.0000		1		0		3
700	3		3		1.0000		1		0		3
701	3		3		1.0000		1		0		3
702	3		3		1.0000		1		0		3
703	3		3		1.0000		1		0		3
704	3		3		1.0000		1		0		3
705	3		3		1.0000		1		0		3
706	3		3		1.0000		1		0		3
707	3		3		1.0000		1		0		3
708	3		3		1.0000		1		0		3
709	3		3		1.0000		1		0		3
710	2		2		1.0000		1		0		2
711	2		2		1.0000		1		0		2
712	2		2		1.0000		1		0		2
713	2		2		1.0000		1		0		2
714	2		2		1.0000		1		0		2
715	2		2		1.0000		1		0		2
716	2		2		1.0000		1		0		2
717	3		3		1.0000		1		0		3
718	3		3		1.0000		1		0		3
719	3		3		1.0000		1		0		3
720	2		2		1.0000		1		0		2
721	1		1		1.0000		1		0		1
722	1		1		1.0000		1		0		1
723	1		1		1.0000		1		0		1
724	1		1		1.0000		1		0		1
725	1		1		1.0000		1		0		1
726	1		1		1.0000		1		0		1
727	2		2		1.0000		1		0		2
728	3		3		1.0000		1		0		3
729	3		3		1.0000		1		0		3
730	3		3		1.0000		1		0		3
731	3		3		1.0000		1		0		3
732	3		3		1.0000		1		0		3
733	3		3		1.0000		1		0		3
734	3		3		1.0000		1		0		3
735	3		3		1.0000		1		0		3
736	3		3		1.0000		1		0		3
737	3		3		1.0000		1		0		3
738	3		3		1.0000		1		0		3
739	3		3		1.0000		1		0		3
740	3		3		1.0000		1		0		3
741	3		3		1.0000		1		0		3
742	3		3		1.0000		1		0		3
743	3		3		1.0000		1		0		3
744	3		3		1.0000		1		0		3
745	3		3		1.0000		1		0		3
746	3		3		1.0000		1		0		3
747	3		3		1.0000		1		0		3
748	3		3		1.0000		1		0		3
749	3		3		1.0000		1		0		3
750	3		3		1.0000		1		0		3
751	3		3		1.0000		1		0		3
752	2		2		1.0000		1		0		2
753	2		2		1.0000		1		0		2
754	2		2		1.0000		1		0		2
755	2		2		1.0000		1		0		2
756	2		2		1.0000		1		0		2
757	2		2		1.0000		1		0		2
758	2		2		1.0000		1		0		2
759	3		3		1.0000		1		0		3
760	3		3		1.0000		1		0		3
761	3		3		1.0000		1		0		3
762	2		2		1.0000		1		0		2
763	1		1		1.0000		1		0		1
764	1		1		1.0000		1		0		1
765	1		1		1.0000		1		0		1
766	1		1		1.0000		1		0		1
767	1		1		1.0000		1		0		1
768	1		1		1.0000		1		0		1
769	2		2		1.0000		1		0		2
770	3		3		1.0000		1		0		3
771	3		3		1.0000		1		0		3
772	3		3		1.0000		1		0		3
773	3		3		1.0000		1		0		3
774	3		3		1.0000		1		0		3
775	3		3		1.0000		1		0		3
776	3		3		1.0000		1		0		3
777	3		3		1.0000		1		0		3
778	3		3		1.0000		1		0		3
779	3		3		1.0000		1		0		3
780	3		3		1.0000		1		0		3
781	3		3		1.0000		1		0		3
782	3		3		1.0000		1		0		3
783	3		3		1.0000		1		0		3
784	3		3		1.0000		1		0		3
785	3		3		1.0000		1		0		3
786	3		3		1.0000		1		0		3
787	3		3		1.0000		1		0		3
788	3		3		1.0000		1		0		3
789	3		3		1.0000		1		0		3
790	3		3		1.0000		1		0		3
791	3		3		1.0000		1		0		3
792	3		3		1.0000		1		0		3
793	3		3		1.0000		1		0		3
794	2		2		1.0000		1		0		2
795	2		2		1.0000		1		0		2
796	2		2		1.0000		1		0		2
797	2		2		1.0000		1		0		2
798	2		2		1.0000		1		0		2
799	2		2		1.0000		1		0		2
800	2		2		1.0000		1		0		2
801	3		3		1.0000		1		0		3
802	3		3		1.0000		1		0		3
803	3		3		1.0000		1		0		3
804	2		2		1.0000		1		0		2
805	1		1		1.0000		1		0		1
806	1		1		1.0000		1		0		1
807	1		1		1.0000		1		0		1
808	1		1		1.0000		1		0		1
809	1		1		1.0000		1		0		1
810	1		1		1.0000		1		0		1
811	2		2		1.0000		1		0		2
812	2		2		1.0000		1		0		2
813	2		2		1.0000		1		0		2
814	2		2		1.0000		1		0		2
815	2		2		1.0000		1		0		2
816	2		2		1.0000		1		0		2
817	2		2		1.0000		1		0		2
818	2		2		1.0000		1		0		2
819	2		2		1.0000		1		0		2
820	2		2		1.0000		1		0		2
821	2		2		1.0000		1		0		2
822	2		2		1.0000		1		0		2
823	2		2		1.0000		1		0		2
824	2		2		1.0000		1		0		2
825	2		2		1.0000		1		0		2
826	2		2		1.0000		1		0		2
827	2		2		1.0000		1		0		2
828	2		2		1.0000		1		0		2
829	2		2		1.0000		1		0		2
830	2		2		1.0000		1		0		2
831	2		2		1.0000		1		0		2
832	2		2		1.0000		1		0		2
833	2		2		1.0000		1		0		2
834	2		2		1.0000		1		0		2
835	2		2		1.0000		1		0		2
836	1		1		1.0000		1		0		1
837	1		1		1.0000		1		0		1
838	1		1		1.0000		1		0		1
839	1		1		1.0000		1		0		1
840	1		1		1.0000		1		0		1
841	1		1		1.0000		1		0		1
842	1		1		1.0000		1		0		1
843	2		2		1.0000		1		0		2
844	2		2		1.0000		1		0		2
845	2		2		1.0000		1		0		2
846	2		2		1.0000		1		0		2
847	1		1		1.0000		1		0		1
848	1		1		1.0000		1		0		1
849	1		1		1.0000		1		0		1
850	1		1		1.0000		1		0		1
851	1		1		1.0000		1		0		1
852	1		1		1.0000		1		0		1
853	1		1		1.0000		1		0		1
854	2		2		1.0000		1		0		2
855	2		2		1.0000		1		0		2
856	2		2		1.0000		1		0		2
857	2		2		1.0000		1		0		2
858	2		2		1.0000		1		0		2
859	2		2		1.0000		1		0		2
860	2		2		1.0000		1		0		2
861	2		2		1.0000		1		0		2
862	2		2		1.0000		1		0		2
863	2		2		1.0000		1		0		2
864	2		2		1.0000		1		0		2
865	2		2		1.0000		1		0		2
866	2		2		1.0000		1		0		2
867	2		2		1.0000		1		0		2
868	2		2		1.0000		1		0		2
869	2		2		1.0000		1		0		2
870	2		2		1.0000		1		0		2
871	2		2		1.0000		1		0		2
872	2		2		1.0000		1		0		2
873	2		2		1.0000		1		0		2
874	2		2		1.0000		1		0		2
875	2		2		1.0000		1		0		2
876	2		2		1.0000		1		0		2
877	2		2		1.0000		1		0		2
878	1		1		1.0000		1		0		1
879	1		1		1.0000		1		0		1
880	1		1		1.0000		1		0		1
881	1		1		1.0000		1		0		1
882	1		1		1.0000		1		0		1
883	1		1		1.0000		1		0		1
884	1		1		1.0000		1		0		1
885	2		2		1.0000		1		0		2
886	2		2		1.0000		1		0		2
887	2		2		1.0000		1		0		2
888	2		2		1.0000		1		0		2
889	1		1		1.0000		1		0		1
890	1		1		1.0000		1		0		1
891	1		1		1.0000		1		0		1
892	1		1		1.0000		1		0		1
893	1		1		1.0000		1		0		1
894	1		1		1.0000		1		0		1
895	1		1		1.0000		1		0		1
896	2		2		1.0000		1		0		2
897	2		2		1.0000		1		0		2
898	2		2		1.0000		1		0		2
899	2		2		1.0000		1		0		2
900	2		2		1.0000		1		0		2
901	2		2		1.0000		1		0		2
902	2		2		1.0000		1		0		2
903	2		2		1.0000		1		0		2
904	2		2		1.0000		1		0		2
905	2		2		1.0000		1		0		2
906	2		2		1.0000		1		0		2
907	2		2		1.0000		1		0		2
908	2		2		1.0000		1		0		2
909	2		2		1.0000		1		0		2
910	2		2		1.0000		1		0		2
911	2		2		1.0000		1		0		2
912	2		2		1.0000		1		0		2
913	2		2		1.0000		1		0		2
914	2		2		1.0000		1		0		2
915	2		2		1.0000		1		0		2
916	2		2		1.0000		1		0		2
917	2		2		1.0000		1		0		2
918	2		2		1.0000		1		0		2
919	2		2		1.0000		1		0		2
920	1		1		1.0000		1		0		1
921	1		1		1.0000		1		0		1
922	1		1		1.0000		1		0		1
923	1		1		1.0000		1		0		1
924	1		1		1.0000		1		0		1
925	1		1		1.0000		1		0		1
926	1		1		1.0000		1		0		1
927	2		2		1.0000		1		0		2
928	2		2		1.0000		1		0		2
929	2		2		1.0000		1		0		2
930	2		2		1.0000		1		0		2
931	1		1		1.0000		1		0		1
932	1		1		1.0000		1		0		1
933	1		1		1.0000		1		0		1
934	1		1		1.0000		1		0		1
935	1		1		1.0000		1		0		1
936	1		1		1.0000		1		0		1
937	1		1		1.0000		1		0		1
938	2		2		1.0000		1		0		2
939	2		2		1.0000		1		0		2
940	2		2		1.0000		1		0		2
941	2		2		1.0000		1		0		2
942	2		2		1.0000		1		0		2
943	2		2		1.0000		1		0		2
944	2		2		1.0000		1		0		2
945	2		2		1.0000		1		0		2
946	2		2		1.0000		1		0		2
947	2		2		1.0000		1		0		2
948	2		2		1.0000		1		0		2
949	2		2		1.0000		1		0		2
950	2		2		1.0000		1		0		2
951	2		2		1.0000		1		0		2
952	2		2		1.0000		1		0		2
953	2		2		1.0000		1		0		2
954	2		2		1.0000		1		0		2
955	2		2		1.0000		1		0		2
956	2		2		1.0000		1		0		2
957	2		2		1.0000		1		0		2
958	2		2		1.0000		1		0		2
959	2		2		1.0000		1		0		2
960	2		2		1.0000		1		0		2
961	2		2		1.0000		1		0		2
962	1		1		1.0000		1		0		1
963	1		1		1.0000		1		0		1
964	1		1		1.0000		1		0		1
965	1		1		1.0000		1		0		1
966	1		1		1.0000		1		0		1
967	1		1		1.0000		1		0		1
968	1		1		1.0000		1		0		1
969	2		2		1.0000		1		0		2
970	2		2		1.0000		1		0		2
971	2		2		1.0000		1		0		2
972	2		2		1.0000		1		0		2
973	1		1		1.0000		1		0		1
974	1		1		1.0000		1		0		1
975	1		1		1.0000		1		0		1
976	1		1		1.0000		1		0		1
977	1		1		1.0000		1		0		1
978	1		1		1.0000		1		0		1
979	1		1		1.0000		1		0		1
980	2		2		1.0000		1		0		2
981	2		2		1.0000		1		0		2
982	2		2		1.0000		1		0		2
983	2		2		1.0000		1		0		2
984	2		2		1.0000		1		0		2
985	2		2		1.0000		1		0		2
986	2		2		1.0000		1		0		2
987	2		2		1.0000		1		0		2
988	2		2		1.0000		1		0		2
989	2		2		1.0000		1		0		2
990	2		2		1.0000		1		0		2
991	2		2		1.0000		1		0		2
992	2		2		1.0000		1		0		2
993	2		2		1.0000		1		0		2
994	2		2		1.0000		1		0		2
995	2		2		1.0000		1		0		2
996	2		2		1.0000		1		0		2
997	2		2		1.0000		1		0		2
998	2		2		1.0000		1		0		2
999	2		2		1.0000		1		0		2
1000	2		2		1.0000		1		0		2
1001	2		2		1.0000		1		0		2
1002	2		2		1.0000		1		0		2
1003	2		2		1.0000		1		0		2
1004	1		1		1.0000		1		0		1
1005	1		1		1.0000		1		0		1
1006	1		1		1.0000		1		0		1
1007	1		1		1.0000		1		0		1
1008	1		1		1.0000		1		0		1
1009	1		1		1.0000		1		0		1
1010	1		1		1.0000		1		0		1
1011	2		2		1.0000		1		0		2
1012	2		2		1.0000		1		0		2
1013	2		2		1.0000		1		0		2
1014	2		2		1.0000		1		0		2
1015	1		1		1.0000		1		0		1
1016	1		1		1.0000		1		0		1
1017	1		1		1.0000		1		0		1
1018	1		1		1.0000		1		0		1
1019	1		1		1.0000		1		0		1
1020	1		1		1.0000		1		0		1
1021	1		1		1.0000		1		0		1
1022	2		2		1.0000		1		0		2
1023	2		2		1.0000		1		0		2
1024	2		2		1.0000		1		0		2
1025	2		2		1.0000		1		0		2
1026	2		2		1.0000		1		0		2
1027	2		2		1.0000		1		0		2
1028	2		2		1.0000		1		0		2
1029	2		2		1.0000		1		0		2
1030	2		2		1.0000		1		0		2
1031	2		2		1.0000		1		0		2
1032	2		2		1.0000		1		0		2
1033	2		2		1.0000		1		0		2
1034	2		2		1.0000		1		0		2
1035	2		2		1.0000		1		0		2
1036	2		2		1.0000		1		0		2
1037	2		2		1.0000		1		0		2
1038	2		2		1.0000		1		0		2
1039	2		2		1.0000		1		0		2
1040	2		2		1.0000		1		0		2
1041	2		2		1.0000		1		0		2
1042	2		2		1.0000		1		0		2
1043	2		2		1.0000		1		0		2
1044	2		2		1.0000		1		0		2
1045	2		2		1.0000		1		0		2
1046	1		1		1.0000		1		0		1
1047	1		1		1.0000		1		0		1
1048	1		1		1.0000		1		0		1
1049	1		1		1.0000		1		0		1
1050	1		1		1.0000		1		0		1
1051	1		1		1.0000		1		0		1
1052	1		1		1.0000		1		0		1
1053	2		2		1.0000		1		0		2
1054	2		2		1.0000		1		0		2
1055	2		2		1.0000		1		0		2
1056	2		2		1.0000		1		0		2
1057	1		1		1.0000		1		0		1
1058	1		1		1.0000		1		0		1
1059	1		1		1.0000		1		0		1
1060	1		1		1.0000		1		0		1
1061	1		1		1.0000		1		0		1
1062	1		1		1.0000		1		0		1
1063	1		1		1.0000		1		0		1
1064	2		2		1.0000		1		0		2
1065	2		2		1.0000		1		0		2
1066	2		2		1.0000		1		0		2
1067	2		2		1.0000		1		0		2
1068	2		2		1.0000		1		0		2
1069	2		2		1.0000		1		0		2
1070	2		2		1.0000		1		0		2
1071	2		2		1.0000		1		0		2
1072	2		2		1.0000		1		0		2
1073	2		2		1.0000		1		0		2
1074	2		2		1.0000		1		0		2
1075	2		2		1.0000		1		0		2
1076	2		2		1.0000		1		0		2
1077	2		2		1.0000		1		0		2
1078	2		2		1.0000		1		0		2
1079	2		2		1.0000		1		0		2
1080	2		2		1.0000		1		0		2
1081	2		2		1.0000		1		0		2
1082	2		2		1.0000		1		0		2
1083	2		2		1.0000		1		0		2
1084	2		2		1.0000		1		0		2
1085	2		2		1.0000		1		0		2
1086	2		2		1.0000		1		0		2
1087	2		2		1.0000		1		0		2
1088	1		1		1.0000		1		0		1
1089	1		1		1.0000		1		0		1
1090	1		1		1.0000		1		0		1
1091	1		1		1.0000		1		0		1
1092	1		1		1.0000		1		0		1
1093	1		1		1.0000		1		0		1
1094	1		1		1.0000		1		0		1
1095	2		2		1.0000		1		0		2
1096	1		1		1.0000		1		0		1
1097	1		1		1.0000		1		0		1
1098	1		1		1.0000		1		0		1
1099	0		0		NaN		0		0		0
1100	0		0		NaN		0		0		0
1101	0		0		NaN		0		0		0
1102	0		0		NaN		0		0		0
1103	0		0		NaN		0		0		0
1104	0		0		NaN		0		0		0
1105	0		0		NaN		0		0		0
1106	1		1		1.0000		1		0		1
1107	1		1		1.0000		1		0		1
1108	1		1		1.0000		1		0		1
1109	1		1		1.0000		1		0		1
1110	1		1		1.0000		1		0		1
1111	1		1		1.0000		1		0		1
1112	1		1		1.0000		1		0		1
1113	1		1		1.0000		1		0		1
1114	1		1		1.0000		1		0		1
1115	1		1		1.0000		1		0		1
1116	1		1		1.0000		1		0		1
1117	1		1		1.0000		1		0		1
1118	1		1		1.0000		1		0		1
1119	1		1		1.0000		1		0		1
1120	1		1		1.0000		1		0		1
1121	1		1		1.0000		1		0		1
1122	1		1		1.0000		1		0		1
1123	1		1		1.0000		1		0		1
1124	1		1		1.0000		1		0		1
1125	1		1		1.0000		1		0		1
1126	1		1		1.0000		1		0		1
1127	1		1		1.0000		1		0		1
1128	1		1		1.0000		1		0		1
1129	1		1		1.0000		1		0		1
1130	1		1		1.0000		1		0		1
1131	1		1		1.0000		1		0		1
1132	1		1		1.0000		1		0		1
1133	1		1		1.0000		1		0		1
1134	1		1		1.0000		1		0		1
1135	1		1		1.0000		1		0		1
1136	1		1		1.0000		1		0		1
1137	1		1		1.0000		1		0		1
1138	1		1		1.0000		1		0		1
1139	1		1		1.0000		1		0		1
1140	1		1		1.0000		1		0		1
1141	0		0		NaN		0		0		0
1142	0		0		NaN		0		0		0
1143	0		0		NaN		0		0		0
1144	0		0		NaN		0		0		0
1145	0		0		NaN		0		0		0
1146	0		0		NaN		0		0		0
1147	0		0		NaN		0		0		0
1148	1		1		1.0000		1		0		1
TOTAL nodes: 83210, items: 84455, avg children-per-node: 1.0149622
pathmap triples  keys= 4096 nodes= 3160 child_items= 7255 merkle_hash=0xd79dc03c60a8f282a831c3583b6c440e reused=1565 cloned=2264 replaced=2138
pathmap triples  second merkleize: same_hash=true reused=1565
--- triples depth histogram (node depth, not byte depth) ---

	total_nodes	tot_child_cnt	avg_branch	max_child_items	dense_nodes	list_nodes
0	1		1		1.0000		1		0		1
1	0		0		NaN		0		0		0
2	0		0		NaN		0		0		0
3	1		3		3.0000		3		1		0
4	3		3		1.0000		1		0		3
5	0		0		NaN		0		0		0
6	3		131		43.6667		54		3		0
7	131		521		3.9771		13		93		38
8	463		463		1.0000		1		0		463
9	0		0		NaN		0		0		0
10	370		2385		6.4459		50		270		100
11	2188		3748		1.7130		19		312		1876
TOTAL nodes: 3160, items: 7255, avg children-per-node: 2.295886
