08701942	10286282
08703454	08013845
08705397	08016035
08705397	08044265
08714132	01291674
08715390	00782927
08715390	06930934
08715390	09987927
08715390	13684140
08716738	08028999
08719100	08032023
08719100	08096624
08720481	08031663
08720481	08033829
08722844	01275934
08723006	00710155
08723006	00710338
08723006	01303582
08723006	05915584
08723006	05915811
08723006	06929742
08723006	06930934
08723006	07571547
08723006	07638439
08723006	07836456
08723006	07866571
08723006	07866723
08723006	08321469
08723006	08472120
08723006	08727606
08723006	09481285
08723006	13717728
08723006	14050559
08729626	08019913
08732116	08035601
08732116	08042183
08732116	08047032
08737716	08034028
08740875	07880583
08740875	09649926
08740875	09956780
08761244	01282466
08766988	00518303
08766988	01271915
08766988	01282289
08766988	01285305
08766988	01288057
08766988	01292928
08766988	01297095
08766988	03886053
08766988	06883725
08766988	06950528
08766988	07491591
08766988	07888465
08766988	07897600
08766988	07983856
08766988	08014860
08766988	08017974
08766988	08028623
08766988	08475722
08766988	09222742
08766988	09877443
08766988	10293861
08766988	13752679
08766988	13753067
08776687	08040008
08780881	01268457
08780881	01302935
08780881	03648804
08780881	03884778
08780881	06293229
08780881	06379094
08780881	06976392
08780881	07036862
08780881	07464402
08780881	07870069
08780881	08042536
08780881	08043169
08780881	09498497
08780881	09498697
08780881	09542697
08780881	09559404
08780881	09920106
08780881	13802098
08791167	01289631
08791167	01302449
08791167	01302683
08791167	07683617
08792548	08020785
08792548	08028397
08792548	08038748
08792548	08040257
08792548	08056873
08792548	08226838
08792548	08345366
08792548	08345613
08792548	08345770
08792548	08346286
08792548	08346490
08792548	08347457
08793489	08010942
08798382	09912765
08798771	08011523
08798771	08013653
08798771	08019523
08798771	08021785
08798771	08037118
08798771	08037861
08798771	08038379
08798771	08320385
08800258	08626947
08801678	01274171
08801678	01283185
08801678	01293650
08801678	06631921
08801678	06964247
08801678	07703743
08801678	07781801
08801678	08043499
08801678	08541609
08801678	08804487
08801678	08804962
08806897	01027662
08806897	02921325
08806897	02981024
08806897	03035089
08806897	03884778
08806897	04445154
08806897	09559404
08806897	09823287
08806897	09905050
08806897	10131815
08806897	10452892
08806897	10479135
08806897	10595361
08806897	10728828
08810999	01296127
08810999	01296296
08815046	08016900
08819397	09449949
08820121	01088304
08820121	03218198
08820121	10525878
08820121	13363970
08820121	15200314
08820121	15200661
08831004	02871963
08831004	06940290
08831004	07896994
08831004	10300154
08831004	10416828
08831004	10525878
08831004	10675142
08831004	10682169
08831004	13080866
08838556	01299224
08839916	01296697
08841667	05950234
08841667	07886317
08841667	08836329
08841956	07823951
08845555	01299037
08847694	10052497
08848731	08096624
08848731	08283180
08849753	01272582
08849753	01278873
08849753	01299476
08849753	01300508
08849753	01300782
08849753	01301080
08852843	08035233
08852843	08046032
08859173	01272787
08859173	01277755
08859173	02102605
08859173	06335832
08859173	06960778
08859173	07042735
08859173	07680416
08859173	09218641
08859173	09507909
08859173	09510305
08859173	09544262
08859173	10279540
08859173	11218473
08860123	00075618
08860123	00076393
08860123	00089657
08860123	00162236
08860123	00209301
08860123	00307314
08860123	00450866
08860123	00479734
08860123	00501479
08860123	00504975
08860123	00505871
08860123	00508340
08860123	00510922
08860123	00514658
08860123	00538876
08860123	00550242
08860123	00585810
08860123	00593219
08860123	00619142
08860123	00637145
08860123	00780615
08860123	00795161
08860123	00817507
08860123	00854393
08860123	00858742
08860123	00882045
08860123	00896688
08860123	00897989
08860123	00985921
08860123	01020117
08860123	01064758
08860123	01070566
08860123	01087740
08860123	01118614
08860123	01135795
08860123	01172598
08860123	01177583
08860123	01242354
08860123	01270628
08860123	01891638
08860123	02344381
08860123	02463990
08860123	02744323
08860123	02767956
08860123	02790012
08860123	02828648
08860123	02833140
08860123	02841063
08860123	02873244
08860123	02877513
08860123	02936281
08860123	02969323
08860123	03040836
08860123	03042697
08860123	03118846
08860123	03134015
08860123	03136051
08860123	03163222
08860123	03173142
08860123	03191776
08860123	03216562
08860123	03222959
08860123	03268142
08860123	03352961
08860123	03362293
08860123	03380461
08860123	03393017
08860123	03399971
08860123	03439348
08860123	03457686
08860123	03457793
08860123	03470222
08860123	03471974
08860123	03472796
08860123	03479397
08860123	03493079
08860123	03519578
08860123	03528761
08860123	03540267
08860123	03555426
08860123	03586631
08860123	03599964
08860123	03661861
08860123	03663433
08860123	03685640
08860123	03694761
08860123	03697109
08860123	03702719
08860123	03736372
08860123	03757723
08860123	03764822
08860123	03769967
08860123	03770085
08860123	03772077
08860123	03777126
08860123	03813834
08860123	03823540
08860123	03863262
08860123	03868044
08860123	03881534
08860123	03883664
08860123	03884639
08860123	03891051
08860123	03899100
08860123	03906590
08860123	03937437
08860123	03963483
08860123	03967270
08860123	03968581
08860123	03974671
08860123	04018399
08860123	04020617
08860123	04024862
08860123	04026813
08860123	04032242
08860123	04038109
08860123	04066023
08860123	04115456
08860123	04157099
08860123	04163530
08860123	04188064
08860123	04201733
08860123	04229107
08860123	04229195
08860123	04240576
08860123	04242704
08860123	04299699
08860123	04305323
08860123	04314522
08860123	04335435
08860123	04341133
08860123	04363991
08860123	04390873
08860123	04398497
08860123	04413969
08860123	04441528
08860123	04446844
08860123	04495051
08860123	04495450
08860123	04508062
08860123	04520480
08860123	04528256
08860123	04535524
08860123	04539053
08860123	04553703
08860123	04577293
08860123	04585456
08860123	04585626
08860123	04598010
08860123	04601159
08860123	04753799
08860123	04781967
08860123	05525100
08860123	05598868
08860123	05601357
08860123	05611684
08860123	05615147
08860123	05715150
08860123	05987522
08860123	06220819
08860123	06263020
08860123	06276902
08860123	06477003
08860123	06477209
08860123	06478734
08860123	06489190
08860123	06496862
08860123	06513953
08860123	06518253
08860123	06529879
08860123	06596179
08860123	06598244
08860123	06610436
08860123	06637677
08860123	06669384
08860123	06699225
08860123	06700030
08860123	06700169
08860123	06700325
08860123	06792526
08860123	06792950
08860123	06884790
08860123	07065932
08860123	07066459
08860123	07182485
08860123	07236759
08860123	07302164
08860123	07448232
08860123	07450343
08860123	07450549
08860123	07455151
08860123	07459642
08860123	07468244
08860123	07479799
08860123	07556872
08860123	07569423
08860123	07569644
08860123	07573241
08860123	07575392
08860123	07575510
08860123	07577657
08860123	07577772
08860123	07590611
08860123	07595751
08860123	07612996
08860123	07613671
08860123	07618871
08860123	07620145
08860123	07620327
08860123	07620485
08860123	07623664
08860123	07631212
08860123	07631511
08860123	07631672
08860123	07634901
08860123	07635155
08860123	07642182
08860123	07643026
08860123	07676425
08860123	07676967
08860123	07677860
08860123	07678193
08860123	07696527
08860123	07703889
08860123	07722485
08860123	07752264
08860123	07795317
08860123	07795598
08860123	07800487
08860123	07835051
08860123	07847453
08860123	07860208
08860123	07863229
08860123	07866151
08860123	07869937
08860123	07889814
08860123	07890068
08860123	07896994
08860123	07897200
08860123	07913081
08860123	07921834
08860123	07961270
08860123	08013453
08860123	08049125
08860123	08121867
08860123	08143486
08860123	08153874
08860123	08167365
08860123	08167779
08860123	08167953
08860123	08168117
08860123	08180484
08860123	08230294
08860123	08250635
08860123	08254055
08860123	08254195
08860123	08261589
08860123	08278924
08860123	08285896
08860123	08286946
08860123	08311687
08860123	08311933
08860123	08319198
08860123	08325530
08860123	08325851
08860123	08342670
08860123	08346655
08860123	08347206
08860123	08349548
08860123	08357529
08860123	08382056
08860123	08382297
08860123	08402944
08860123	08410688
08860123	08431721
08860123	08437968
08860123	08479894
08860123	08482577
08860123	08504851
08860123	08539893
08860123	08546183
08860123	08547300
08860123	08549733
08860123	08555333
08860123	08587828
08860123	08611063
08860123	08624656
08860123	08626522
08860123	08638260
08860123	08645212
08860123	08858942
08860123	08874469
08860123	09262690
08860123	09351547
08860123	09702134
08860123	09830400
08860123	09844770
08860123	09850642
08860123	09863339
08860123	09906848
08860123	09916209
08860123	09928845
08860123	09935233
08860123	09937489
08860123	09942871
08860123	09959258
08860123	09961739
08860123	09980275
08860123	10064046
08860123	10092299
08860123	10113362
08860123	10113997
08860123	10146559
08860123	10153155
08860123	10181990
08860123	10184822
08860123	10208189
08860123	10211203
08860123	10216403
08860123	10228592
08860123	10242791
08860123	10244913
08860123	10263684
08860123	10270468
08860123	10272171
08860123	10300154
08860123	10309785
08860123	10324357
08860123	10336904
08860123	10345015
08860123	10356877
08860123	10371221
08860123	10387712
08860123	10400618
08860123	10406072
08860123	10412910
08860123	10413276
08860123	10437014
08860123	10448322
08860123	10452752
08860123	10454972
08860123	10460033
08860123	10464542
08860123	10490421
08860123	10500942
08860123	10506762
08860123	10506915
08860123	10508141
08860123	10511960
08860123	10519984
08860123	10535706
08860123	10550090
08860123	10564800
08860123	10565502
08860123	10583790
08860123	10601526
08860123	10604275
08860123	10607933
08860123	10612518
08860123	10613387
08860123	10621140
08860123	10637038
08860123	10641223
08860123	10641301
08860123	10643837
08860123	10656969
08860123	10657556
08860123	10659188
08860123	10669236
08860123	10672662
08860123	10675481
08860123	10678937
08860123	10690421
08860123	10695450
08860123	10697135
08860123	10705345
08860123	10718509
08860123	10745894
08860123	10753182
08860123	10765305
08860123	10801561
08860123	11507321
08860123	11536230
08860123	13245076
08860123	13252062
08860123	13282419
08860123	13296089
08860123	13296752
08860123	13297850
08860123	13298935
08860123	13312754
08860123	13314936
08860123	13315077
08860123	13319726
08860123	13322343
08860123	13325382
08860123	13345286
08860123	13359941
08860123	13363970
08860123	13382766
08860123	13390857
08860123	13391118
08860123	13391452
08860123	13393427
08860123	13408641
08860123	13409647
08860123	13418047
08860123	13422061
08860123	13618180
08860123	13623054
08860123	13649791
08860123	13650921
08860123	13719410
08860123	13720600
08860123	13740765
08860123	13752172
08860123	13752679
08860123	13753067
08860123	13764213
08860123	13926932
08860123	14361182
08860123	14409718
08860123	14412564
08860123	14521954
08860123	14530659
08860123	14685641
08860123	14686020
08860123	14814531
08860123	15065280
08860123	15138401
08860123	15158816
08860123	15160418
08860123	15160866
08860123	15166742
08860123	15170786
08860123	15171008
08860123	15196746
08860123	15200661
08860123	15222686
08860123	15244351
08860123	15273955
08860123	15298507
08871007	00964105
08871007	01304121
08871007	09867154
08871007	10064229
08871007	10433737
08871007	14431169
08887841	08033194
08887841	08036849
08887841	08041840
08887841	08046759
08888676	08019281
08888676	08024408
08888676	08024732
08888676	08040762
08890097	01068012
08890097	06950209
08890097	09218641
08890097	09280380
08890097	09833441
08894456	05626618
08894456	06961557
08897065	01278232
08897065	08012028
08897065	08012765
08900535	00782927
08900535	01281154
08900535	01284928
08900535	03443543
08900535	08045428
08900535	08096624
08900535	08311522
08900535	09449949
08900535	09826821
08900535	09987927
08900535	10286282
08906374	08096624
08906952	06241825
08906952	06930934
08907606	08031386
08907606	08034579
08910668	08034778
08913434	06988684
08913434	08015321
08913434	08020242
08913434	08344917
08913434	08345189
08916316	08916832
08916832	08917503
08921850	00223362
08921850	00448232
08921850	00710338
08921850	00825951
08921850	00936456
08921850	03608074
08921850	04201297
08921850	06929279
08921850	07891433
08921850	08017614
08921850	08018983
08921850	08026904
08921850	08230906
08921850	08318777
08921850	08626947
08921850	10229193
08921850	10240715
08921850	10674713
08921850	11219502
08927186	08011523
08927186	08018666
08929922	01271428
08929922	01277938
08929922	01287431
08929922	01289830
08929922	01293167
08929922	01294791
08929922	01295373
08929922	01295528
08929922	01298573
08929922	02805584
08929922	06776679
08929922	06776783
08929922	06964901
08929922	08036005
08929922	08167365
08929922	08167953
08929922	08168117
08929922	08541609
08929922	08548733
08929922	08626947
08929922	10408324
08929922	13752443
08929922	13752911
08929922	13753274
08929922	13753430
08929922	13753585
08929922	13753740
08941895	08015731
08954611	01275934
08954611	01305551
08955082	01299994
08957381	07808904
08957381	08017257
08957381	08020242
08957381	08021464
08957381	08023374
08957381	08037503
08957381	08038995
08959683	08020242
08963369	03443543
08963369	08013176
08963369	08027518
08973776	08014615
08975617	08022666
08975902	08013845
08975902	08014202
08975902	08022972
08975902	08026197
08975902	08026539
08975902	08030481
08975902	08030711
08975902	08031020
08975902	08045140
08975902	08047501
08975902	08048300
08975902	08283180
08975902	08343534
08979054	08044676
08979054	08045681
08980300	01270343
08980300	01284124
08981244	08010559
08981244	08034299
08981244	08036293
08981244	08038131
08981244	11782878
08982587	01296505
08984788	06966310
08984788	10039164
08984788	10142537
08993288	08210411
08996871	08043848
08998560	08012384
08999482	03629857
08999482	08039601
08999482	08040522
08999482	09327077
08999482	10228864
09002814	09987239
09002814	10812550
09002814	10812800
09003284	01307754
09003284	01308008
09003284	06944348
09003284	07624924
09003284	08057068
09003284	09445289
09003284	10718665
09003284	13976527
09017526	08016385
09018162	08027314
09022265	08025835
09023321	06966454
09023321	06966825
09023321	06967529
09023321	07916970
09023321	08018189
09023321	09956780
09023321	09978697
09023321	10025487
09023321	10039164
09023321	10142537
09031653	08344301
09031653	08541609
09033333	08038995
09036452	06930934
09038990	08028148
09039411	01277288
09039411	06340047
09039411	07803408
09039411	08025497
09039411	08027920
09039411	08029908
09039411	08042856
09039411	08046346
09043052	08032955
09044862	00184802
09044862	00542841
09044862	01084180
09044862	01126335
09044862	01178415
09044862	01258719
09044862	01301630
09044862	02102605
09044862	02888000
09044862	03720665
09044862	04234969
09044862	04458409
09044862	05598707
09044862	06195698
09044862	06245084
09044862	06512324
09044862	06727758
09044862	06907728
09044862	07240077
09044862	07623933
09044862	07634751
09044862	07722485
09044862	07927931
09044862	07964809
09044862	08122009
09044862	08122141
09044862	08168531
09044862	08303692
09044862	08338847
09044862	08340153
09044862	08546870
09044862	08676349
09044862	08839092
09044862	09052314
09044862	09601571
09044862	09639719
09044862	10008388
09044862	10311661
09044862	10311823
09044862	10375690
09044862	10644598
09044862	10802283
09044862	10998305
09044862	11846582
09044862	11995396
09044862	12499439
09044862	12847749
09044862	13206178
09044862	13319512
09044862	13363970
09044862	13395897
09044862	13649791
09044862	13751829
09044862	13752443
09044862	13753274
09044862	13753430
09044862	13753585
09044862	13753740
09044862	13850019
09044862	13881381
09044862	13881512
09044862	15186871
09044862	15187077
09044862	15187451
09044862	15187619
09048880	07689003
09050730	07688412
09050730	08029421
09053185	01275697
09075842	01282711
09076675	01269633
09078231	02581957
09078231	03637480
09078231	04506289
09078231	06938493
09078231	07778938
09078231	12221522
09095023	01283935
09095751	01273735
09103943	01298797
09108164	01284444
09112282	01288272
09117351	01294127
09137032	07689217
09137869	01276436
09140148	01275389
09140148	01294502
09146111	01269360
09148970	01273491
09148970	01274909
09148970	01279342
09148970	01290435
09148970	01295918
09148970	01299735
09148970	01300242
09148970	09479424
09164561	08025112
09189411	08699654
09189411	08999154
09189411	09636339
09189411	10052497
09207288	03374102
09207288	08023843
09275473	03743016
09275473	10580535
09372504	09022831
09372504	10437698
09382990	01282022
09382990	01290997
09440400	09022831
