00001740	00004227
00001740	00005041
00005815	00006238
00005815	02200341
00013160	01834304
00013160	01932973
00014742	00015806
00014742	01177314
00014742	01177505
00015303	00017282
00016380	00017282
00016756	00106456
00019131	00604617
00021766	00631391
00021766	00914421
00021766	01837744
00023383	00632438
00024649	00024814
00031820	00802136
00031820	00851933
00033574	00875712
00036362	00025034
00046534	00044149
00051045	02080577
00063277	01140514
00064479	00931555
00064479	01660994
00064479	01870889
00065791	00249721
00065791	00262792
00075135	01817500
00075515	00996448
00077645	00251809
00077645	00264776
00081671	00249721
00082241	00156101
00082241	01244410
00087152	01922763
00087152	02531422
00091311	00186616
00091311	00804695
00094448	00118066
00101609	02099019
00101800	02098325
00101956	00006238
00101956	02200341
00102974	01827745
00103696	00428404
00103696	00896555
00106456	00016756
00106456	02336449
00111129	01430111
00133417	01716227
00133417	02395115
00133851	01716491
00133851	02395115
00135718	01880531
00135857	00429060
00135857	02539788
00146138	00205598
00146138	01808626
00147815	00204391
00147815	00334186
00147815	01113806
00147815	01997862
00147815	02530003
00149583	00248659
00149583	01111028
00150202	00494907
00156101	00712419
00156839	00251809
00156839	00788821
00173338	00641252
00173764	01452593
00173764	01746605
00174379	01748318
00174379	01918984
00177186	00995119
00178575	01395617
00179486	01407465
00181664	00181559
00186616	00091311
00186616	00190115
00186616	00570590
00190115	00186616
00190115	00570590
00190115	02102484
00191603	00571643
00191603	02102796
00217152	00751131
00224166	00227003
00226618	01159655
00226618	01372049
00227003	00224166
00227003	01160031
00227507	00504592
00227507	01123148
00227507	02341266
00229630	01125429
00229630	02345272
00230746	02540347
00246217	01139623
00247439	01507402
00249721	00065791
00249721	00081671
00251809	00077645
00251809	00156839
00251809	00264776
00262703	00764902
00262792	00065791
00262792	00081671
00262792	00249721
00262792	01989669
00264776	00077645
00264776	01589217
00277935	00621058
00277935	01463520
00289082	02274253
00289365	00681094
00289365	01749320
00289365	02273326
00292507	00778275
00294175	00835609
00298767	01919931
00298896	00407848
00298896	00677683
00298896	00724150
00298896	00851239
00298896	01643657
00298896	02717831
00305109	00437449
00306314	00510050
00311113	02516255
00311663	00754873
00311663	01899360
00314272	02676496
00319214	02153387
00328802	00436404
00334186	00209174
00344125	00583990
00346991	00583239
00360650	01548193
00360650	01904845
00360650	02513269
00362467	01148283
00364479	01149494
00364479	01368192
00366691	00394562
00386392	00404202
00401650	00386392
00404202	00386392
00416705	02672540
00417413	02115324
00417413	02422685
00419289	02424254
00427786	01908039
00428404	00103696
00428404	00532892
00428404	00779374
00430191	00433115
00430191	00533851
00430191	00701479
00430191	00781168
00433115	00430191
00439588	01336587
00452512	01194938
00452512	01695567
00461493	02148109
00464513	01925372
00464962	01926376
00473322	00236592
00473322	00429060
00473322	00472671
00479933	00822449
00485711	01672607
00487653	01675190
00492677	02111684
00493460	02109678
00494907	00150202
00494907	02383831
00503982	00889831
00504592	00227507
00504592	01675190
00506299	01507134
00506299	02374914
00508032	00234725
00508192	00561036
00508192	02064745
00510050	00306314
00510050	00839619
00510050	01911053
00510050	02225510
00525453	01101391
00525453	02560548
00532892	00428404
00533851	00430191
00537339	01353226
00546646	02383380
00548781	02383831
00550282	00684480
00550777	00740336
00561036	00508192
00561036	01076793
00570590	00186616
00570590	00190115
00570590	02102484
00571643	00191603
00571643	02102796
00583239	00958880
00583239	02290998
00583239	02505716
00583990	00344125
00583990	00959731
00583990	02291843
00583990	02504131
00583990	02519555
00588797	01148283
00589624	01149494
00604617	00019131
00604617	00931555
00605516	01041916
00605516	01688271
00607780	00611256
00612114	01718867
00612652	01718867
00617748	00618057
00619972	01195536
00623151	02660819
00625393	00626800
00625774	00627410
00626800	00625393
00627410	00625774
00627849	00629997
00628491	00630380
00628491	01634142
00629997	00627849
00631391	00021766
00631391	01878466
00632438	00023383
00632438	01880531
00632438	02461723
00637259	00634906
00637259	00712708
00638981	01372049
00638981	02099019
00639356	02098325
00640828	02645007
00643250	01686439
00643250	01865197
00644372	01866535
00645493	00647070
00646413	02271544
00647070	00645493
00647542	00996448
00647542	02079029
00650577	00655779
00655779	00650577
00655779	00684480
00655779	00900616
00666058	01535709
00666058	01640850
00672433	00672017
00672433	00673766
00683185	01880531
00684480	00550282
00684480	00655779
00685638	01989669
00695523	01475282
00695523	01613463
00695523	02451951
00695523	02566015
00696518	01474513
00696518	01612053
00696518	02451113
00696518	02564986
00701479	00430191
00701479	00781168
00707366	02037708
00707366	02321009
00712419	00156101
00715868	02629390
00721437	00598954
00724081	02464693
00724861	02466111
00727564	01061489
00727564	02109678
00732960	01459422
00740336	00336168
00740336	00550777
00744916	01155354
00749230	01156112
00749230	02174896
00752493	01469770
00752493	02486693
00753093	00758459
00754873	00311663
00759269	00894221
00763901	01222360
00779374	00428404
00779374	01837744
00779601	00779360
00781168	00430191
00781168	00701479
00788821	00156839
00788821	01612053
00788821	01892953
00792471	01097960
00792471	01646866
00804695	00091311
00804695	00873603
00804695	02278939
00808191	00873603
00822449	00479933
00828779	01182024
00828779	01716227
00828779	02446651
00834198	00838856
00834198	00839619
00834198	01824244
00834198	01825671
00834198	02495922
00835609	00294175
00835609	00839411
00835609	01827535
00835609	02497141
00838856	00834198
00839411	00835609
00839619	00510050
00839619	00834198
00843146	01022064
00849357	01947266
00849357	02270342
00851103	02393401
00853633	00851933
00853776	01725712
00853776	02530861
00856860	02531422
00873603	00804695
00873603	00808191
00873603	02278939
00875712	00033574
00884778	00065791
00884778	00873603
00889831	00503982
00889831	02062670
00896555	00103696
00900616	00655779
00900616	00903668
00900616	01275562
00902652	00903449
00902652	01279978
00903668	01580050
00904548	01589217
00904548	02588099
00909363	01149494
00911327	02238462
00913065	00912048
00913065	00975584
00914421	00021766
00914421	01749320
00918580	01139104
00921014	01343918
00921014	01896478
00921014	02131072
00922594	01344963
00923321	01319874
00931555	00064479
00931555	00604617
00931555	02495922
00933154	02500884
00940437	00896555
00940437	01704761
00941485	01705655
00941990	00916123
00941990	01051956
00952524	00825648
00954422	02193194
00956131	01369663
00956131	01943406
00957176	01370590
00958880	00583239
00958880	02460502
00958880	02464693
00959731	00583990
00959731	02466111
00976508	01143279
00976508	01270175
00986027	02043898
00986027	02410393
00988232	02412164
00995119	00177186
00996448	00075515
00996448	00647542
00996448	01125429
00996448	01244410
00996485	02343816
00999817	01148283
01001689	01824244
01001689	01865197
01002377	01824751
01002377	01866535
01017738	01172889
01017738	02274253
01017738	02541302
01022064	00843146
01041916	00605516
01059400	02095311
01061489	00727564
01073822	02395115
01074650	01246579
01074650	02257141
01074650	02530861
01076793	00561036
01076793	01244410
01076793	02258600
01076793	02531422
01086103	01081505
01090308	02123812
01090335	01131197
01101391	00525453
01111016	02099019
01112573	02098325
01115349	01222360
01115349	01932973
01115349	02179279
01115349	02460502
01116380	01934554
01116380	02180797
01116380	02461723
01123148	00227507
01123148	01129977
01123148	01612053
01125429	00229630
01125429	00996448
01125429	01131043
01125429	01613463
01129977	01123148
01129977	02034828
01129977	02036578
01129977	02584981
01130607	01389942
01131043	01125429
01131043	01549291
01131043	01624633
01131043	02035337
01131043	02037272
01131043	02513740
01133876	01372049
01133876	01800349
01140514	00063277
01143279	00976508
01148283	00362467
01148283	00588797
01148283	00999817
01148283	01363613
01148283	01366718
01149494	00364479
01149494	00589624
01149494	00909363
01149494	01364008
01155354	00744916
01155354	01507402
01156112	02533313
01156834	01197980
01158572	01157517
01159655	00226618
01160031	00227003
01160031	01628302
01160031	01711071
01160031	02559180
01166351	01196802
01169704	01197980
01170052	01202374
01170243	02037708
01172889	02040049
01172889	02541302
01172889	02559180
01180695	02056880
01180695	02577061
01182024	00828779
01195536	00619972
01195536	02495922
01199751	02062670
01206474	02386612
01212230	00968211
01212230	01392237
01214265	01214786
01214265	01312371
01214265	01434278
01214265	01572510
01214265	02569630
01222360	00763901
01222360	01115349
01222360	01226240
01222360	01309991
01222360	02179279
01222360	02318464
01222360	02460502
01222360	02464693
01222884	01227137
01222884	02180797
01222884	02319129
01222884	02461723
01222884	02466111
01226240	01222360
01226240	01369663
01226240	01548193
01226240	01588172
01226240	02584981
01227137	01222884
01227137	01370590
01227137	01589217
01227137	01983797
01227137	02588099
01233347	02310895
01235769	01240308
01238640	01412346
01238640	01414088
01239619	01240308
01244410	00082241
01244410	01076793
01244410	01460421
01244410	02510879
01246579	01074650
01246579	01459422
01246579	01740892
01249724	01232738
01249724	01254013
01249724	01548718
01252971	02516255
01255967	02467662
01256332	01725712
01256600	01259458
01257173	01258091
01257173	01299268
01257612	02531422
01259458	01256600
01261018	00677445
01270175	00976508
01275562	00900616
01275562	02161432
01275562	02500884
01279978	00902652
01279978	01497736
01279978	02164402
01285440	01286913
01290422	02716165
01306853	02290029
01309143	01549719
01309991	02179279
01309991	02271544
01312810	02290029
01319874	00923321
01319874	02036578
01336587	00439588
01340283	00715541
01343918	00921014
01345109	01347678
01345109	01587062
01348174	01347678
01349130	01349318
01350449	01281611
01350449	01375637
01350449	01468058
01350449	01506157
01353226	00537339
01357429	01328513
01357831	00715541
01363613	01148283
01364008	01149494
01364008	01368192
01366718	01148283
01366718	01363613
01368192	00364479
01368192	01149494
01368192	01364008
01369346	01254324
01369663	00956131
01369663	01226240
01369663	02034828
01369663	02036578
01369758	00643473
01369758	01259458
01369758	01560984
01369758	01566185
01370561	02401809
01370590	00957176
01370590	01227137
01370590	02035337
01370590	02037272
01372049	00226618
01372049	00638981
01372049	01133876
01372049	01156112
01372049	01507134
01372556	02401809
01378556	02028994
01378556	02060141
01378556	02077148
01380638	01976089
01382083	00598954
01382083	00677203
01382083	00677544
01382083	01592456
01382083	02107248
01392237	01157517
01392237	01212230
01392237	01392918
01392237	01548718
01395617	02318464
01401854	01407465
01401854	01960656
01407465	00179486
01407465	01401854
01409581	02062670
01410223	01258302
01417868	01666002
01430111	00111129
01430111	00464513
01430111	01925372
01430111	01943406
01430847	00464962
01430847	01926376
01437254	00949974
01438902	00967625
01438902	01295275
01439190	01998793
01439745	02304648
01447868	01349318
01447868	01375637
01448100	01351170
01448100	01449053
01448100	01505254
01448100	01592456
01448100	01661804
01449796	00804476
01452593	01919931
01454636	01918984
01459422	00732960
01459422	01246579
01459422	01463965
01460029	00677544
01460421	01624633
01463965	01459422
01463965	01725712
01463965	02533313
01474513	00696518
01474513	01612053
01474513	02451113
01475282	00695523
01475282	01613463
01475282	02451951
01475831	01483324
01476685	01483324
01477806	01484083
01483324	01475831
01483324	01476685
01483779	01955009
01484083	01477806
01486151	02291258
01489722	01646941
01493741	00021065
01493741	00213794
01493741	00486018
01493741	01790739
01493741	01800422
01494310	00742320
01494310	01308381
01494310	01363648
01494310	01463963
01494310	01474209
01494310	01489465
01494310	01544692
01494310	01570403
01494310	01656788
01494310	01661243
01494310	01979241
01494310	01981036
01494310	02494356
01494310	02573127
01494310	02578008
01494310	02642814
01494310	02702674
01497736	01279978
01497736	02164402
01503404	01504298
01503952	02281093
01507134	00506299
01507134	01156112
01507134	01372049
01507143	01304716
01507402	00247439
01507402	00437852
01507402	01155354
01508719	01531375
01509527	01533120
01516534	01352996
01522276	00435688
01528069	02713372
01531375	01508719
01533120	01509527
01535709	00666058
01535709	01640850
01539063	01282142
01539063	01505254
01543123	00670179
01544692	01469263
01544692	01494310
01544692	02265979
01544692	02305856
01544692	02663643
01545883	01590007
01545883	02663643
01548193	00360650
01548193	01129977
01548193	01226240
01548193	02036578
01548193	02513269
01549291	01131043
01549291	02037272
01549291	02513740
01552519	01255967
01552519	01259458
01552519	01309701
01552519	01549719
01552519	01554799
01557614	01180695
01573515	00846344
01573515	01661804
01580050	00900616
01580050	00903668
01586278	00711715
01587077	01801600
01588172	01226240
01589217	00264776
01589217	00904548
01589217	01227137
01594978	02587239
01595596	02074092
01611067	01160031
01611067	02559180
01612053	00696518
01612053	00788821
01612053	01123148
01612053	01474513
01612053	02451113
01613463	00695523
01613463	01125429
01613463	01475282
01613463	02451951
01617192	01619725
01617192	01634424
01618053	01704761
01624633	01460421
01624633	01801600
01628302	01160031
01629589	01644050
01629589	02522864
01637633	01634142
01640850	00666058
01640850	01535709
01646941	01489722
01646941	01640850
01646941	02100709
01652139	02663340
01660994	00064479
01672607	00485711
01675190	00487653
01682582	02148109
01682582	02516255
01686439	00643250
01688271	00605516
01688271	00644372
01698271	01754576
01704761	00940437
01705655	00941485
01705655	02517265
01711071	01160031
01716227	00133417
01716227	00828779
01716227	02395115
01716491	00133851
01716491	01624633
01716491	01801600
01716491	02399399
01718867	00612114
01718867	00612652
01725712	00853776
01725712	01256332
01740892	01246579
01740892	01922763
01740892	02512922
01746605	00173764
01746605	02515341
01748318	00174379
01748318	02517265
01749320	00289365
01749320	00914421
01752167	00289082
01754421	00346991
01754421	02290998
01755627	02291843
01761706	02585050
01763813	01887076
01770802	01761120
01771535	01821996
01779165	01785748
01781478	01783158
01781478	02055062
01781478	02513269
01781478	02578235
01782519	02056880
01782519	02513740
01783158	01781478
01800349	01133876
01801600	01587077
01801600	01624633
01809655	02047807
01817500	00075135
01817500	02354537
01821266	01834304
01822936	01776214
01822936	02550296
01824244	00834198
01824244	01001689
01824244	01825671
01824751	01002377
01824751	01827535
01825671	00834198
01825671	01824244
01825671	02321009
01827535	00835609
01827535	01824751
01827535	02324397
01831531	01848465
01834213	01848465
01834304	00013160
01834304	01821266
01834304	02123812
01835496	00781000
01835496	00969873
01835496	01921964
01835496	01968569
01835496	01970646
01835496	01970826
01835496	01989873
01835496	02051694
01835496	02072849
01835496	02073714
01837744	00021766
01837744	00779374
01849221	01970348
01849221	01990281
01849221	02524171
01849221	02619924
01849221	02716165
01849288	02393401
01852701	02676496
01865197	01001689
01865197	01870889
01865197	02331262
01866192	01966706
01866535	00644372
01869563	02522581
01870275	00618057
01870889	00064479
01870889	01865197
01870889	02495922
01871979	02056466
01872745	01509527
01872745	02083615
01878466	00631391
01878466	02034828
01880531	00135718
01880531	00683185
01880531	02035337
01886407	02094755
01886407	02360448
01886407	02523275
01886488	01988886
01886488	02072849
01887076	01763813
01887576	02072849
01888295	02072849
01888295	02076027
01894520	02522581
01894758	01898129
01894758	02157399
01894758	02421158
01898129	01894758
01898129	01996377
01898129	02569130
01899262	01996574
01899360	00311663
01904845	00360650
01907258	00897564
01907258	02034300
01908039	00427786
01911053	00510050
01911888	02076027
01918984	00174379
01918984	01454636
01919391	01992503
01919931	00298767
01919931	01452593
01920048	01920220
01921964	01923414
01921964	01978576
01922763	00087152
01922763	01740892
01925372	01430111
01925372	01943406
01926311	01883716
01926376	00464962
01926376	01430847
01930512	02564986
01932973	00013160
01932973	01115349
01932973	02179279
01934554	01116380
01934554	02180797
01943406	00956131
01943406	01430111
01943406	01925372
01947266	00849357
01950798	01955127
01950798	01955508
01951480	02402825
01951480	02465939
01959294	02019021
01959294	02371718
01960656	02021050
01960656	02238462
01963942	01923414
01963942	02674564
01966861	00616498
01966861	01923414
01968569	01990281
01970826	01989053
01974062	01976089
01982646	01226240
01983797	01227137
01989669	00684480
01989873	01457954
01996377	01898129
01996377	02464693
01996574	00780191
01997119	01997680
02001858	02002720
02001858	02027030
02005756	01977155
02014165	02345647
02016523	02212646
02018524	02019716
02019021	01959294
02034828	01129977
02034828	01369663
02034828	01878466
02035337	01131043
02035337	01370590
02035337	01549291
02035337	01880531
02035337	02513740
02036578	01129977
02036578	01319874
02036578	01369663
02036578	01548193
02036578	02513269
02036578	02584981
02037272	01131043
02037272	01370590
02037272	01549291
02037272	02513740
02037708	00707366
02037708	01170243
02037708	02321009
02038357	01590007
02038357	01909397
02038357	01909978
02040049	02324397
02040652	02043898
02043898	00986027
02043898	02040652
02045043	02676496
02047807	01809655
02050132	00616498
02050132	01912159
02053818	02055062
02055062	01781478
02055649	00438178
02056880	01180695
02056880	01782519
02056880	02577061
02056971	02002720
02056971	02056466
02058590	02640226
02058794	02523275
02061495	02004701
02062670	00889831
02062670	01409581
02062670	02507968
02064745	00508192
02064745	01410363
02064745	02506555
02066939	02072159
02069551	01202374
02072501	02017937
02074092	01926376
02076280	02072849
02076280	02076027
02077656	01973125
02077656	01974062
02077656	01981036
02077656	01993926
02077656	02157100
02079029	00647542
02080577	00051045
02083615	01872745
02094755	01886407
02094755	02523275
02095311	01059400
02098325	00101800
02098325	00639356
02098325	01112573
02099019	00101609
02099019	00638981
02099019	01111016
02100709	01646941
02102484	00190115
02102484	00570590
02102484	02103481
02102796	00191603
02102796	00571643
02102796	02105375
02102796	02106761
02103481	02102484
02103481	02360448
02105375	02102796
02105375	02363358
02106761	01155354
02106761	02102796
02109678	00493460
02109678	00727564
02111684	00492677
02115324	00417413
02123672	02126022
02123812	01090308
02123812	01834304
02123812	02495922
02124106	02126022
02125032	02125460
02125223	02125460
02130524	00696414
02130524	00877083
02130524	01315613
02130524	02128653
02131072	00921014
02137132	02141973
02161432	01275562
02164402	01279978
02164402	01497736
02166346	02174896
02166346	02244619
02169119	02125460
02169891	02189714
02174896	00749230
02174896	02166346
02175057	01037498
02176178	00744916
02179279	01115349
02179279	01222360
02179279	02460502
02180797	01116380
02180797	01222884
02180797	01934554
02180797	02461723
02182342	00780191
02202384	02213690
02202384	02283324
02205272	02311387
02207206	02274299
02207206	02323286
02208903	02209499
02225510	00510050
02230772	00742320
02230772	02201644
02230772	02230247
02230772	02293321
02230772	02589013
02230990	02238462
02234781	02236842
02236124	02301825
02236124	02346724
02236842	02234781
02238462	00911327
02238462	01960656
02238462	02230990
02244619	02166346
02244956	02260362
02245403	02166346
02251743	02215506
02251743	02284803
02251743	02301502
02251743	02352019
02253456	01153947
02257141	01074650
02270342	00849357
02271544	02578235
02273326	00289365
02273326	00681094
02273326	01170243
02274253	00289082
02274253	01017738
02274253	01172889
02274253	02559180
02278939	00804695
02278939	00873603
02290998	00583239
02290998	01754421
02291843	00583990
02291843	01755627
02306087	02281093
02306087	02305856
02310895	01233347
02318464	01222360
02318464	01395617
02319129	01222884
02321009	00707366
02321009	02037708
02324397	01827535
02326695	01025913
02326695	01613463
02326695	02451951
02331262	01865197
02337667	02368336
02341266	00227507
02345272	00229630
02350175	02629256
02354537	01817500
02360448	01886407
02360448	02103481
02360448	02523275
02363358	02105375
02367363	02376429
02367363	02536557
02368336	02337667
02368336	02395115
02368787	02395115
02371718	01959294
02374914	00506299
02374914	01372049
02383380	00546646
02383831	00494907
02383831	00548781
02384940	02486693
02385102	01204557
02385102	01382086
02386612	01206474
02388145	02451113
02389220	02451951
02392878	00849357
02393401	00851103
02393401	01849288
02395115	00133417
02395115	01073822
02395115	01716227
02395115	02368336
02395115	02368787
02399331	02482425
02399399	00133851
02399399	01716491
02406916	01993549
02410393	00986027
02410393	02560548
02412164	00988232
02412164	02561888
02421158	01894758
02422685	00417413
02424254	00419289
02425462	01645421
02446651	00828779
02451113	00696518
02451113	01474513
02451113	02388145
02451951	00695523
02451951	01475282
02451951	01613463
02451951	02326695
02451951	02389220
02460502	00631391
02460502	01115349
02460502	01222360
02460502	02179279
02461314	02473688
02461723	00632438
02461723	01116380
02461723	01222884
02461723	02180797
02464693	00958880
02464693	01222360
02464693	01996377
02466111	00724861
02466111	00959731
02469928	01595596
02495922	00834198
02495922	00931555
02495922	01195536
02495922	01870889
02495922	02123812
02497141	00835609
02498708	01943406
02500884	00933154
02500884	01275562
02500884	02584981
02504131	00583990
02505716	00583239
02506555	02064745
02507968	02062670
02510879	01244410
02512922	01740892
02513269	00360650
02513269	01129977
02513269	01548193
02513269	01781478
02513269	02036578
02513740	01131043
02513740	01549291
02513740	01782519
02513740	02035337
02513740	02037272
02515341	01746605
02517265	01705655
02517265	01748318
02519555	00583990
02519991	02672540
02523275	01886407
02523275	02058794
02523275	02094755
02523275	02360448
02530167	02531625
02530861	00853776
02530861	01074650
02531422	00087152
02531422	00856860
02531422	01076793
02531422	01257612
02533313	01463965
02534307	02534062
02541302	01017738
02541302	01172889
02558172	02537812
02559180	01160031
02559180	01172889
02559180	01611067
02559180	02274253
02560548	00525453
02560548	02410393
02561888	02412164
02564986	00696518
02564986	01930512
02566015	00695523
02569130	01898129
02570282	01899360
02571251	02570062
02576921	01634424
02577061	01180695
02577061	02056880
02577061	02270342
02578235	01781478
02578235	02271544
02584981	01129977
02584981	01226240
02584981	02036578
02584981	02500884
02588099	00904548
02588099	01227137
02588099	02037272
02611373	01116585
02611373	02673965
02611373	02674564
02623194	02623346
02645839	02678663
02649830	01177314
02649830	01177505
02660442	02660819
02681795	00495808
02681795	01116585
02681795	01131473
02681795	02449340
02681795	02618149
02681795	02679530
02681795	02682424
02685665	02690093
02685951	02685665
02685951	02703539
02704349	02679012
02710673	02703952
02762981	02762806
02764438	02762806
