00237869	00235435
00964105	00962129
01178415	01177703
01268457	00958477
01269360	00223983
01269360	01075117
01269633	01075117
01270343	01075117
01270628	00953559
01271107	00956485
01271669	00958477
01271915	00956485
01272582	00956485
01272787	00956485
01273491	00956485
01273735	00956485
01274171	00956485
01274909	00956485
01275697	00956485
01275934	00973077
01276194	00958477
01277288	00968155
01277540	01075117
01277755	00953559
01277938	00054821
01277938	00981180
01278232	00956485
01278873	00956485
01279120	00956485
01279342	00956485
01280055	00956485
01282022	00981369
01282289	00956485
01282466	00958477
01282711	00956485
01283185	00956485
01283935	00956485
01284124	00981369
01284444	00223983
01284928	01075117
01285305	00956485
01287431	00955060
01287782	00958477
01288057	00956485
01288272	00956485
01289061	00968155
01289631	00955060
01289830	01075117
01290435	00968155
01290435	01075117
01290997	00958477
01291674	01075117
01293167	00956485
01293650	00981369
01294127	00956485
01294330	00956485
01294502	00956485
01294791	00956485
01295373	00956485
01295528	00956485
01295918	00956485
01296127	01075117
01296296	01075117
01296697	00981369
01297095	00956485
01298573	00956485
01298797	01075117
01299037	00956485
01299224	00981369
01299735	00968155
01300242	01075117
01300508	00956485
01300782	00956485
01301080	00956485
01301630	00962567
01302086	00962722
01302683	00973077
01302935	00973077
01303582	00962722
01304121	00962567
01305551	00973077
01306358	00973077
01306736	00089027
01307299	00973077
01308438	00973077
01308668	00973077
01309109	00973077
01309807	00973077
01312096	00996817
02451912	02451575
02688895	08337324
02694776	03946325
02741681	08337324
02751623	03160309
02758270	04294879
02766044	02867715
02805584	03386011
02907985	04511002
02909543	03086183
02956500	03449564
03009477	03813704
03018971	04051825
03072828	02704949
03073832	04511002
03109350	04511002
03158259	03086183
03163081	03069752
03439491	03160309
03475118	03800563
03527930	02921884
03534890	03160309
03606719	04210390
03634469	04078747
03634723	04078747
03670456	03743902
03692942	03800563
03812541	08337324
03821660	04005630
03822951	04323026
03890713	04511002
04029125	03743902
04216508	03385557
04224671	03007130
04378842	04407435
04408330	04374735
04460947	03386011
04496173	03877845
04510090	08337324
04510456	03772269
04512476	04511002
04555101	03743902
04580777	03449564
04580777	04079244
04604009	04233124
06430784	06429590
06430996	06429590
06431156	06429590
06431496	06429590
06432376	06394865
06432715	06394865
06433035	06394865
06433249	06394865
06433475	06394865
06433923	06394865
06434368	06394865
06435651	06394865
06435916	06394865
06436183	06394865
06436717	06394865
06436939	06394865
06437137	06394865
06437308	06394865
06437531	06394865
06437824	06394865
06438477	06394865
06438748	06394865
06438995	06394865
06439712	06394865
06440102	06394865
06440489	06394865
06440663	06394865
06441607	06394865
06441607	06455138
06441803	06394865
06441803	06455138
06441973	06394865
06441973	06455138
06442239	06394865
06442239	06455138
06447897	06394865
06448594	06431740
06448868	06431740
06449095	06431740
06449254	06431740
06449361	06431740
06449477	06431740
06449620	06431740
06451891	06429590
06452363	06429590
06453119	06400510
06460295	06394865
06460524	06394865
06461609	06429590
06462807	06429590
06464838	06464419
06466030	06362953
06466787	06429590
06477003	06477209
06534132	06533648
06728726	06723635
06728998	06723635
06729251	06723635
07322550	07323231
07986617	07986198
07989741	07970406
08010364	08392137
08010559	08392137
08010942	08392137
08011266	08392137
08011523	08392137
08011523	08472335
08012028	08392137
08012384	08392137
08012765	08392137
08013176	08392137
08013453	08392137
08013653	08392137
08013845	08392137
08014202	08392137
08014615	08392137
08014860	08392137
08015116	08392137
08015321	08392137
08015731	08392137
08016035	08392137
08016385	08392137
08017257	08392137
08017614	08392137
08017974	08392137
08018189	08392137
08018666	08392137
08018983	08392137
08019281	08392137
08019523	08392137
08019913	08392137
08020242	08392137
08020785	08392137
08021129	08392137
08021464	08392137
08021785	08392137
08022259	08392137
08022666	08392137
08022972	08392137
08023374	08392137
08024408	08392137
08024732	08392137
08025112	08392137
08025835	08392137
08026197	08392137
08026539	08392137
08026904	08392137
08027314	08392137
08027518	08392137
08027920	08392137
08028148	08392137
08028397	08392137
08028623	08392137
08028999	08392137
08029421	08235343
08029421	08392137
08029908	08392137
08030481	08392137
08031386	08392137
08032023	08392137
08032594	08392137
08032955	08392137
08033194	08392137
08033454	08392137
08033829	08392137
08034028	08392137
08034299	08392137
08034579	08392137
08034778	08392137
08035233	08392137
08036005	08392137
08036293	08392137
08036849	08392137
08037118	08392137
08037503	08392137
08037861	08392137
08038379	08392137
08038748	08392137
08038995	08392137
08039312	08392137
08039601	08392137
08040008	08392137
08040257	08392137
08040522	08392137
08040762	08392137
08041106	08392137
08041484	08392137
08041840	00759694
08041840	08392137
08042183	08392137
08042536	08392137
08042856	08392137
08043169	08392137
08043499	08392137
08043848	08392137
08044265	08392137
08044676	08392137
08045140	08392137
08045428	08392137
08046032	08392137
08046346	08392137
08046759	08392137
08047032	08392137
08181375	08247021
08486538	07951464
08493261	08574314
08493493	08574314
08494459	08573258
08494782	08574314
08502797	08574314
08502797	09212572
08503238	08574314
08503921	08574314
08504375	08574314
08506932	08506641
08507109	08506641
08515126	08512736
08519624	08574314
08519916	08574314
08541454	08574314
08543916	08509786
08563180	08574314
08563478	08574314
08563627	08574314
08563990	08574314
08564139	08574314
08564307	08574314
08564739	08574314
08565006	08675967
08567072	08574314
08567600	08574314
08582613	08630039
08597023	08619620
08597323	08574314
08602650	08574314
08604487	08600992
08605261	08600992
08610305	08600992
08628414	08574314
08678253	08574314
08682188	08574314
08682819	08574314
08686129	08685677
08686495	08685677
08686658	08685677
08686821	08685677
08686979	08685677
08687150	08685677
08687709	08685677
08687884	08685677
08688076	08685677
08699426	08574314
08701161	08574314
08701296	08574314
08701410	08574314
08701719	08574314
08701942	09388848
08703454	08700255
08704409	08524735
08704822	08698126
08705251	08524735
08705251	08633957
08705397	08698379
08706058	08633957
08706058	08691669
08706247	08524735
08706247	08633957
08706502	08524735
08706663	08524735
08706663	08633957
08706823	08524735
08707917	08698379
08708481	08524735
08708609	08633957
08709038	08574314
08709704	08544813
08710678	09316454
08711468	08574314
08711974	08702402
08713136	08524735
08713655	08574314
08713772	09388848
08714132	08698126
08714795	08524735
08714966	08524735
08714966	08633957
08715110	08574314
08715390	08700255
08716219	08698379
08716738	08700255
08717059	08691669
08717209	08698379
08717629	08524735
08717730	09203827
08717915	08544813
08718577	08698379
08719100	08544813
08719705	08524735
08719892	08168978
08720037	08698379
08720280	08691669
08720481	08702402
08721145	08524735
08721145	08633957
08721559	08691669
08722084	08524735
08722084	08633957
08722645	09233715
08722844	08574314
08723006	08700255
08724545	08574314
08724726	08691669
08725161	08524735
08725454	08524735
08725692	08654360
08725926	08654360
08726072	08654360
08726305	08654360
08726463	08654360
08726582	08524735
08726745	08539717
08727003	08524735
08727003	08633957
08727230	08524735
08727396	08524735
08727396	08633957
08727606	08524735
08727806	08524735
08727945	08524735
08728066	08524735
08728268	08524735
08728268	08633957
08728462	08524735
08728595	08524735
08728749	08524735
08728882	08524735
08729283	08524735
08729452	08524735
08729626	08654360
08729971	08654360
08730354	09316454
08730895	08691669
08731148	08524735
08731148	08633957
08731606	09388848
08731953	08574314
08732116	08702402
08732807	08524735
08732807	08633957
08733415	08524735
08733415	08633957
08733897	08544813
08734044	08698379
08734385	08698379
08734853	08524735
08735008	08524735
08735164	08691669
08735345	08524735
08735564	08574314
08736107	08703035
08736517	08698379
08737041	08703035
08737716	08703035
08738272	08703035
08738715	08524735
08738820	08703035
08739206	08703035
08739669	08524735
08739669	08633957
08740875	08702805
08742205	08633957
08742743	08524735
08743229	08524735
08743945	08524735
08743945	08633957
08744236	08691669
08744750	08524735
08745011	08524735
08745901	08524735
08745901	08633957
08746475	08524735
08746475	08633957
08746636	08524735
08747054	09203827
08747737	09203827
08748499	09316454
08749447	09203827
08749864	09203827
08750151	09316454
08750334	08544813
08750822	08524735
08750822	08633957
08751317	09316454
08751494	08544813
08752021	08544813
08752814	09316454
08752974	08542403
08753294	08524735
08753933	08544813
08754529	09316454
08755436	08544813
08755852	09316454
08756052	09316454
08756202	08544813
08756735	09316454
08756884	08544813
08757264	08696931
08757569	08574314
08759013	08696931
08759263	08691669
08759420	08698379
08759852	08633957
08759986	08698379
08760510	08574314
08761039	09388848
08761244	08697827
08761697	09316454
08762104	08524735
08762104	08633957
08762243	08524735
08762243	08633957
08762495	08698379
08762823	08633957
08762823	08691669
08763193	08544813
08763500	08698379
08763932	09316454
08764107	08697827
08764561	09203827
08764899	09203827
08765069	08633957
08765315	08633957
08765460	08524735
08765623	08524735
08765623	08633957
08765771	09233715
08765890	08697827
08766455	08524735
08766571	08524735
08766667	08524735
08766667	08633957
08766846	08524735
08766988	08696931
08769179	08574314
08769329	08654360
08769439	08524735
08769645	08691669
08770013	08524735
08770274	08524735
08770274	08633957
08770518	08524735
08770718	08524735
08770932	08524735
08771116	08524735
08771277	08524735
08771400	08524735
08771596	08654360
08771841	08665504
08772137	08524735
08772307	08524735
08772551	08524735
08772667	08524735
08772794	08524735
08772922	08524735
08773098	08524735
08773336	08524735
08773336	08633957
08773679	08524735
08773679	08633957
08773880	08524735
08774546	08524735
08774704	08524735
08774912	08524735
08775053	08524735
08775053	08678615
08775179	08524735
08775297	08574314
08775439	08552138
08776138	08574314
08776320	08574314
08777544	08698379
08778061	08698379
08778401	08691669
08778597	09316454
08779149	08544813
08779504	08696931
08779830	08574314
08780018	08633957
08780282	08524735
08780380	08524735
08780510	09203827
08780720	08633957
08780720	08665504
08780881	08698126
08782976	08782627
08783286	08782627
08783583	08782627
08783812	08782627
08784104	09428293
08784333	09316454
08784905	09316454
08785132	08552138
08785343	08691669
08785958	03427296
08786432	08524735
08786432	08633957
08786660	08524735
08786855	08524735
08787049	08524735
08787240	08524735
08787466	08574314
08787695	08574314
08787878	08574314
08788887	08524735
08789243	08552138
08789605	08524735
08789605	08633957
08789970	08574314
08790353	08574314
08790495	09388848
08790748	09316454
08790953	09393605
08791167	08574314
08792548	08544813
08793310	08633957
08793310	08665504
08793489	08574314
08793914	08574314
08794366	08574314
08794574	08574314
08794798	08691669
08795492	08639058
08795654	08524735
08797254	09303008
08797840	08524735
08798062	08524735
08798062	08633957
08798195	08524735
08798195	08633957
08798382	08574314
08798771	08597727
08799123	08574314
08799271	08574314
08799462	08524735
08799706	08574314
08800258	08557482
08800676	08574314
08800911	08574314
08801099	08524735
08801364	09388848
08801678	08696931
08803883	08524735
08804049	08524735
08804154	08803382
08804319	08524735
08804487	08803382
08804662	08524735
08804845	08524735
08804962	08803382
08805122	08803382
08805386	08524735
08805565	08524735
08805565	08633957
08805801	08524735
08805801	08633957
08806897	08691669
08807554	08651247
08807894	08524735
08807894	08633957
08808292	08803382
08808452	08524735
08808614	08803382
08809165	08524735
08809596	08552138
08809749	08803382
08810051	08524735
08810220	08524735
08810358	08803382
08810999	09316454
08811215	08803382
08811473	08524735
08811473	08633957
08811982	08803382
08812166	08524735
08812399	08803382
08812952	08803382
08813156	08524735
08813264	08524735
08813699	08524735
08813807	08544813
08813978	08696931
08814474	08691669
08814664	08524735
08815046	08698379
08815858	08696931
08816236	08696931
08816969	08574314
08817235	08574314
08817418	08691669
08817630	08696931
08818135	08654360
08818247	08524735
08818444	08696931
08818835	08524735
08818835	08633957
08819016	08524735
08819223	08574314
08819397	09316454
08819883	08574314
08820121	08702805
08821187	08552138
08821578	08574314
08822855	08821885
08823968	08821885
08824484	08821885
08824771	08524735
08824771	08633957
08825477	08552138
08826306	08821885
08827126	08821885
08829071	08821885
08830456	08552138
08830720	08574314
08831004	08544813
08832691	08832447
08834916	08552138
08835675	09203827
08835875	09203827
08836329	09203827
08836630	09203827
08836886	09203827
08837048	08544813
08837552	09203827
08837864	08552138
08838556	09316454
08838887	09203827
08839092	08544813
08839916	09203827
08840200	09203827
08840374	08544813
08840749	08544813
08841209	09316454
08841483	08544813
08841667	09203827
08841956	09203827
08842819	09203827
08843215	09316454
08844279	09316454
08844557	08544813
08845555	08696931
08846135	08654360
08846324	08691669
08846626	08524735
08846739	08524735
08846885	08524735
08847024	08524735
08847268	08544813
08847694	09388848
08848094	08700255
08848421	09316454
08848731	08700255
08849226	08691669
08849372	08524735
08849372	08633957
08849753	08696931
08850450	08691669
08850741	08524735
08850741	08633957
08851034	08524735
08851364	08524735
08851500	08524735
08851687	08524735
08851830	08524735
08852209	08700255
08852389	08698379
08852843	08702402
08853741	08702402
08854725	08552138
08854855	08524735
08854855	08633957
08855126	08524735
08855308	08691669
08855505	08524735
08855609	08524735
08855763	08524735
08855909	08524735
08856037	08524735
08856037	08633957
08856266	08524735
08856475	08524735
08856475	08633957
08856630	08524735
08856630	08633957
08856793	08524735
08856945	08524735
08857099	08524735
08857260	08524735
08857405	08524735
08857529	08524735
08857682	08574314
08858248	09316454
08858942	09316454
08859173	09316454
08860001	08859173
08860123	08591269
08871007	08696931
08873269	08524735
08873412	08552138
08873622	08691669
08874273	08523483
08874469	08546183
08875369	08537837
08875547	08540532
08876773	08554440
08876975	08524735
08877208	08524735
08877208	08633957
08877382	08524735
08877382	08633957
08877807	08524735
08878016	08524735
08879197	08524735
08879388	08633957
08879680	08524735
08879680	08633957
08881674	08574314
08887841	08696931
08889191	08633957
08889400	08524735
08889400	08633957
08889521	08524735
08889521	08633957
08889657	08524735
08889657	08633957
08889944	08633957
08890097	08696931
08891595	09302616
08892058	08552138
08892766	08552138
08892971	08524735
08892971	08633957
08893223	09203827
08893492	09203827
08894319	09203827
08894456	08558488
08895497	08524735
08895497	08633957
08895771	08524735
08895771	08633957
08895928	09316454
08896645	09388848
08897065	08698379
08897843	08491826
08898002	08491826
08898187	08524735
08898457	08524735
08898633	08633957
08898633	08691669
08899351	08524735
08899577	08524735
08899776	08524735
08900047	08665504
08900204	08524735
08900535	08700255
08902196	08654360
08902422	08574314
08902569	08574314
08902753	08574314
08902894	08574314
08903220	08524735
08903352	08524735
08903487	08524735
08903636	08524735
08903872	08524735
08904115	08524735
08904269	08524735
08904533	08524735
08904731	08524735
08905313	08654360
08905751	08574314
08905936	08574314
08906374	08700255
08906952	08700255
08907377	08691669
08907606	08544813
08908248	09316454
08908509	09316454
08908739	09316454
08908954	09316454
08909537	08654360
08910230	08524735
08910230	08633957
08910394	08574314
08910668	08700255
08911421	08691669
08911602	08524735
08911602	08633957
08911726	08524735
08912012	08524735
08912153	08524735
08912279	08524735
08912427	08524735
08912559	08524735
08913085	08524735
08913434	08700255
08914193	08691669
08914413	08524735
08914573	08524735
08914850	08524735
08915017	08524735
08915159	08574314
08915372	08574314
08915784	08574314
08916111	08524735
08916316	08574314
08916832	08524735
08917503	08574314
08917881	08574314
08918248	08574314
08918944	08574314
08919241	08524735
08919475	08524735
08919693	08574314
08919949	08177958
08920381	09203827
08920722	09316454
08920924	09316454
08921392	09316454
08923177	08524735
08923348	08691669
08923586	08524735
08923884	08524735
08924023	08524735
08924023	08633957
08924238	08524735
08924238	08633957
08924560	08524735
08924913	08524735
08924913	08633957
08925093	08524735
08925287	08524735
08925287	08633957
08925552	08524735
08925700	08524735
08925830	08524735
08925957	08524735
08925957	08633957
08926231	08524735
08926381	08524735
08926543	08524735
08926681	09472597
08927186	08700255
08927678	08524735
08928083	08524735
08928193	08698379
08928933	08633957
08929555	08691669
08929922	08696931
08932568	08691669
08933084	08641113
08933287	08641113
08933437	08554440
08933621	08554440
08933940	08641113
08934532	08524735
08934532	08633957
08934694	08524735
08934694	08633957
08935212	08524735
08935212	08633957
08936303	08524735
08936303	08633957
08936647	08524735
08936833	08524735
08936833	08633957
08937109	08524735
08937109	08633957
08937594	08524735
08937995	08524735
08937995	08633957
08939201	08574314
08940209	08939562
08941208	08939562
08941681	09453008
08943601	08574314
08944561	08574314
08944818	08574314
08945110	08574314
08945277	08574314
08945529	08698379
08946042	08633957
08946187	08698379
08946715	08524735
08946812	08524735
08946909	08544813
08947617	08633957
08947617	08691669
08947772	08698379
08948027	08691669
08948155	08574314
08948346	08702402
08948704	08633957
08948704	08691669
08949093	08696931
08949737	08691669
08950230	08524735
08950407	08524735
08950649	08524735
08950787	08524735
08950907	08524735
08951278	08524735
08951385	08654360
08951777	08574314
08951957	09203827
08952190	08696931
08952423	08691669
08952628	09316454
08953029	08524735
08953151	09316454
08953324	08696931
08954057	09203827
08954611	09388848
08955082	08700255
08955397	08691669
08956140	08524735
08956140	08633957
08956461	08524735
08956574	08524735
08956574	08633957
08956760	08700255
08957212	08574314
08957381	08700255
08957993	08524735
08957993	08633957
08958212	08524735
08958334	08524735
08958334	08633957
08958830	08698379
08959254	08698379
08959495	08633957
08959495	08691669
08959683	08698379
08960363	08524735
08960363	08633957
08960548	08696931
08960987	08696931
08961402	08691669
08961630	08698126
08961970	09316454
08962187	08698379
08963244	08524735
08963369	08700255
08964099	08552138
08964288	08552138
08964474	08552138
08964647	08552138
08964810	09388848
08965251	08544813
08965598	08698379
08966085	08524735
08966408	08544813
08966820	08698379
08967329	09316454
08967484	08544813
08967868	08558488
08967868	08696931
08968390	08574314
08968677	08574314
08968879	08700255
08969123	08691669
08969291	08698379
08969798	08524735
08969798	08633957
08969948	08665504
08970064	08524735
08970189	08524735
08970318	08524735
08970445	08691669
08970833	08574314
08971025	08698379
08971404	08524735
08971404	08633957
08971693	08552138
08971914	09316454
08972521	08544813
08973330	08698379
08974604	08524735
08974604	08633957
08974818	08524735
08975106	08700255
08975435	08633957
08975435	08691669
08975617	08574314
08975902	08700255
08976799	08524735
08977211	08524735
08977428	08524735
08977527	08524735
08977665	08524735
08977948	09203827
08978161	08544813
08978343	08702402
08978821	08574314
08980300	09203827
08981244	08544813
08982037	08524735
08982587	08696931
08983105	08691669
08983274	08524735
08983413	08524735
08983556	08524735
08983742	08524735
08983742	08633957
08984010	08524735
08984122	08524735
08984223	08524735
08984332	08524735
08984457	08524735
08984567	09388848
08984788	08696931
08986066	08633957
08986066	08691669
08986374	08633957
08986526	08524735
08986526	08633957
08986691	09388848
08986905	08700255
08987262	08633957
08987262	08691669
08987423	08544813
08987879	09316454
08988068	08691669
08988216	09316454
08988609	08544813
08989031	08544813
08989697	08631531
08991182	09316454
08991491	08544813
08991752	08691669
08991878	08552138
08992181	08696931
08992648	08544813
08993037	08691669
08993288	08700255
08994339	08524735
08994540	08665504
08994834	08524735
08994834	08633957
08995242	08574314
08995242	09453008
08995515	08574314
08995862	08698379
08996483	08544813
08996871	08698379
08997310	09316454
08997487	08700255
08998233	08544813
08998560	08698379
08999154	09388848
08999482	08698379
09000462	08524735
09000462	08633957
09001007	08524735
09001007	08633957
09001373	08654360
09001580	08654360
09002814	08557482
09003284	08544813
09004068	08691669
09004625	08574314
09004992	08524735
09005273	08491826
09005712	08574314
09006413	08544813
09007471	08574314
09007723	09006205
09008130	08524735
09008454	08524735
09008723	08524735
09008723	08633957
09009372	08524735
09009490	08524735
09009490	08633957
09010085	08524735
09011151	08696931
09011518	08691669
09011679	08524735
09011820	08524735
09011922	08665504
09012297	09012101
09012530	08633957
09012530	08691669
09012735	08524735
09012898	08574314
09013074	09012101
09013353	08633957
09013353	08691669
09013830	09012101
09014066	08524735
09014273	08691669
09014470	08524735
09014586	08696931
09014850	08691669
09014979	08544813
09015460	09388848
09016099	08524735
09016232	08574314
09016860	08524735
09017005	08524735
09017005	08633957
09017526	08700255
09018030	08691669
09018162	08700255
09018426	08633957
09018426	08691669
09018848	08700255
09019355	08654360
09019726	08700255
09020440	08700255
09020792	08691669
09020961	08700255
09021313	08691669
09021503	08544813
09021812	08691669
09022265	08700255
09022538	08691669
09022667	08524735
09022831	08574314
09023321	08696931
09024467	08691669
09024972	09316454
09025189	08524735
09025189	08633957
09025451	08524735
09025451	08633957
09025584	08524735
09025584	08633957
09025728	08524735
09025863	08524735
09026204	08524735
09026360	08524735
09026499	08524735
09026614	08524735
09026614	08633957
09026780	08524735
09026911	08524735
09027089	08524735
09027292	08524735
09027460	08552138
09027679	08524735
09027853	08552138
09028062	08552138
09028204	08574314
09028477	08524735
09028841	08374049
09028841	09399592
09029242	08574314
09029457	08698379
09029884	08552138
09030096	08552138
09030382	08524735
09030467	08524735
09030467	08633957
09030596	08524735
09030752	08702402
09031061	08633957
09031061	08691669
09031233	08698379
09031653	08696931
09032321	08691669
09032483	08524735
09032604	08524735
09032843	08665504
09032981	08524735
09033117	08524735
09033333	08700255
09033936	08691669
09034286	08524735
09034402	08524735
09034402	08633957
09034550	08698379
09035305	08574314
09035951	08524735
09035951	08633957
09036098	09393605
09036452	08700255
09036880	08633957
09036880	08691669
09037133	08544813
09037394	08698379
09038272	08524735
09038439	08524735
09038439	08633957
09038597	08557482
09038990	08574314
09039260	08574314
09039411	08544813
09040475	08524735
09040601	08691669
09040839	08524735
09040839	08633957
09041199	08665504
09041371	09446115
09041785	08524735
09042213	08524735
09042322	08524735
09042322	08633957
09042924	08574314
09043052	08698379
09043411	08654360
09044190	08700255
09044862	08702805
09048127	08574314
09048303	08574314
09048880	08574314
09049303	08574314
09049599	08574314
09050244	08574314
09050730	08574314
09051726	08574314
09052314	09044862
09052652	08574314
09052835	08574314
09053019	08574314
09053185	08655464
09053801	08695539
09053947	08524735
09054350	08524735
09054480	08524735
09054480	08633957
09055015	08655464
09055906	08524735
09057311	08655464
09058071	08524735
09058219	08638442
09058219	08665504
09058735	08554440
09058841	08524735
09059274	08655464
09060768	08655464
09062015	08524735
09062320	08524735
09062585	08524735
09062791	08524735
09062961	08524735
09063259	08524735
09063477	08524735
09063673	08524735
09064264	08524735
09064264	08633957
09064468	08665504
09064594	08524735
09064861	08524735
09064966	08695539
09065191	08524735
09065328	08524735
09065328	08638442
09065557	08524735
09065557	08638442
09066017	08524735
09066534	08524735
09066799	08524735
09066948	09316454
09067277	08655464
09067878	08524735
09068107	08695539
09068320	08524735
09068921	08524735
09068921	08633957
09069190	08695539
09069415	08524735
09069752	08524735
09069862	08655464
09070233	08695539
09070363	08524735
09070487	08553280
09070793	08691669
09071571	08553535
09071690	08655464
09072810	08524735
09073258	08524735
09073258	08638442
09073697	08524735
09073697	08638442
09073938	08524735
09074140	08524735
09074431	08638442
09074431	08665504
09074834	08524735
09075007	08524735
09075170	08695539
09075329	08524735
09075329	08638442
09075842	08655464
09076675	08695539
09076982	08665504
09077111	08524735
09077556	08524735
09077821	08524735
09077821	08633957
09078231	08655464
09078654	08665504
09078784	08633957
09078784	08695539
09079153	09203827
09079505	09316454
09080554	09316454
09080782	08639058
09081213	08655464
09082540	08655464
09083390	08524735
09083390	08633957
09083659	08524735
09084075	08524735
09084196	08524735
09084483	08695539
09084750	08655464
09085209	08524735
09085334	08524735
09085441	08524735
09085441	08638442
09086070	08524735
09086173	08655464
09086635	08524735
09086793	08524735
09087450	08524735
09087599	08655464
09088396	08524735
09088989	08524735
09089139	08655464
09089782	08524735
09090389	08574314
09090559	08552138
09090825	08655464
09091398	08695539
09091909	08524735
09091909	08638442
09092352	08524735
09092497	08655464
09093472	08524735
09094093	08665504
09094217	08695539
09094381	08524735
09094381	08633957
09094581	03420559
09095023	08655464
09095751	08695539
09096089	08639058
09096190	08537837
09096498	08641113
09096664	08524735
09097707	08524735
09097871	08524735
09098721	08665504
09099264	08524735
09099526	08655464
09100080	08633957
09100080	08665504
09100223	08524735
09100394	08524735
09100394	08633957
09100690	08524735
09100837	08524735
09100982	08638442
09100982	08665504
09102016	08655464
09102517	08524735
09102517	08633957
09102883	08524735
09103217	08665504
09103377	08695539
09103648	08675967
09103943	08655464
09105821	08655464
09106770	08524735
09107098	08524735
09107626	08524735
09107626	08633957
09108055	08524735
09108164	08655464
09108728	08524735
09109444	08655464
09109882	08695539
09110229	08524735
09110422	08655464
09110784	08695539
09110939	08524735
09111168	08524735
09111366	08655464
09111955	08524735
09112282	08655464
09113022	08695539
09113207	08524735
09113333	08524735
09113479	08524735
09114020	08524735
09114128	08665504
09114262	09233715
09114401	09316454
09114696	08655464
09115315	08524735
09117118	08499840
09117351	08655464
09118313	08695539
09118505	08524735
09118639	08665504
09118817	02947212
09119277	08524735
09119277	08638442
09120594	08540532
09122968	08553535
09123809	03763133
09124039	09316454
09124399	02692232
09124589	08524735
09125016	08524735
09125203	08524735
09125354	08524735
09125528	08524735
09125629	08524735
09126305	08655464
09127014	09233715
09127461	09233715
09127461	09399592
09127844	08695539
09128201	08665504
09128372	08524735
09128536	08524735
09128947	08524735
09129062	08524735
09129324	08524735
09129442	08655464
09129926	08524735
09130076	08655464
09130452	08524735
09130714	08524735
09130883	08524735
09131001	08695539
09131205	08524735
09131428	08524735
09131553	08524735
09131654	08655464
09132778	08524735
09133010	08655464
09133895	08524735
09133895	08638442
09134386	08655464
09134999	08524735
09135447	08524735
09135447	08638442
09135993	08524735
09136182	08524735
09136582	08524735
09137032	08655464
09137451	08695539
09137682	08524735
09137869	08655464
09138538	08524735
09138538	08633957
09138935	08655464
09139380	08665504
09139508	08695539
09139849	08524735
09139993	09359803
09140148	08655464
09140569	08524735
09140993	08524735
09141119	08524735
09141526	08655464
09142674	08524735
09142771	08524735
09142887	08524735
09143017	08695539
09143205	08524735
09143321	08524735
09143321	08638442
09143786	08524735
09144117	08524735
09144730	08524735
09144851	08524735
09144851	08633957
09145083	08524735
09145083	08638442
09145217	08524735
09145655	08524735
09145851	08524735
09146111	08524735
09146813	08524735
09146912	08524735
09147046	08655464
09147618	08524735
09147737	08695539
09147964	08655464
09148662	08524735
09148970	08655464
09150047	08695539
09150448	08672738
09150662	08524735
09150662	08633957
09150863	08524735
09150863	08633957
09151114	08524735
09151216	08633957
09151411	08524735
09151516	08524735
09151800	09229409
09151963	08672738
09152401	08672738
09152570	08672738
09152944	08655464
09153570	08638442
09153570	08665504
09153710	08638442
09153710	08665504
09154178	08524735
09154178	08638442
09154607	08524735
09154731	08524735
09155306	08655464
09155692	08524735
09155986	08524735
09156241	08524735
09156666	08524735
09156889	08524735
09157021	08524735
09157766	08524735
09158024	08695539
09158268	08524735
09158501	08524735
09159003	08655464
09159546	08524735
09160295	08702402
09160775	08544813
09160968	08691669
09161090	08586825
09161090	08696931
09161452	08524735
09161803	08702402
09162414	08524735
09162414	08633957
09162581	08524735
09162581	08633957
09162803	08524735
09163192	08700255
09163584	08700255
09163844	08700255
09164241	08524735
09164417	08524735
09164417	08633957
09164561	08700255
09164903	08524735
09164903	08633957
09165146	08524735
09165146	08633957
09165294	08524735
09165294	08633957
09165613	08698379
09166304	08574314
09166534	08574314
09166756	08574314
09166902	08574314
09167101	08698379
09167505	08691669
09167652	08524735
09167767	08505573
09168020	08505573
09168336	08505573
09168592	08505573
09168707	08505573
09169038	08505573
09169303	08505573
09169801	08505573
09170294	08505573
09170475	08505573
09170633	08505573
09170788	08505573
09170996	08505573
09171376	08505573
09171560	08505573
09171674	08505573
09172111	08505573
09172480	08574314
09172751	08505573
09173023	08505573
09173288	08505573
09173417	08505573
09173777	09472597
09175016	09472597
09175915	09316454
09175915	09472597
09177385	09472597
09177647	08574314
09177883	09472597
09178141	08574314
09178310	08574314
09186064	09411430
09186709	09411430
09187407	09360122
09187923	09403734
09188094	09403734
09189411	09254614
09191875	09411430
09192280	09403734
09192708	09403734
09192973	09411430
09193772	09221070
09194710	09403734
09195372	09411430
09195615	09334396
09195796	09475292
09196103	09411430
09196611	09403734
09197945	09360122
09198106	09254614
09198574	09376198
09200649	09411430
09200874	09403734
09201301	09403734
09202405	09426788
09202810	09411430
09203217	09411430
09204977	09376198
09206375	09411430
09206693	09411430
09207288	09254614
09209263	09376198
09210236	09428293
09210346	09403734
09211266	09254614
09212935	09328904
09213076	09403734
09219078	09403734
09220046	09411430
09221723	09215664
09222742	09284015
09222880	09403734
09224325	09403734
09226209	09215664
09228144	09411430
09228619	09411430
09228928	09386842
09231361	09411430
09231890	09411430
09232165	09475292
09232841	09252970
09233284	09403734
09234104	09399592
09235244	09233715
09235469	09388848
09236423	09403734
09237404	09328904
09238425	09403734
09238674	09403734
09240051	09252970
09241047	09360122
09242037	09411430
09242514	09411430
09243209	09328904
09243405	09215664
09248477	09403734
09248724	09411430
09249418	09411430
09250165	09453008
09250678	09411430
09251832	09360122
09252273	09411430
09252766	09328904
09255921	09411430
09261138	09411430
09261604	09403734
09262082	09475292
09263087	09411430
09263619	09328904
09264116	09411430
09264425	09215664
09265274	09278537
09268236	09411430
09268592	09403734
09268927	09386842
09270894	09456369
09272927	09360122
09273447	09241247
09274739	09411430
09275016	09254614
09275473	09254614
09277010	09360122
09277279	09452395
09281545	09411430
09286318	09215664
09286630	09411430
09286843	09411430
09287289	09360122
09288946	09411430
09289913	09446115
09290626	09360122
09292189	09252970
09292545	09403734
09293917	09403734
09294066	09411430
09294413	09403734
09295576	09403734
09296695	09428293
09297423	09296121
09297729	09296121
09298698	09296121
09301249	09241247
09303647	09403734
09304164	09403734
09305479	09233715
09306031	09411430
09306257	09411430
09306642	09360122
09306840	09411430
09309456	09475292
09309666	09411430
09309820	09328904
09311259	09376198
09313241	09476331
09319456	09316454
09320985	09411430
09321180	09411430
09321694	09399592
09321901	09411430
09322454	09322087
09322454	09381480
09322454	09450866
09322701	09360122
09322930	09360122
09323221	09360122
09323470	09411430
09323824	09403734
09324474	09411430
09325530	09386842
09326139	09411430
09326299	09328904
09326467	09411430
09327881	09403734
09330604	09328904
09330913	09328904
09331328	09328904
09332394	09328904
09332976	09328904
09333334	09328904
09333706	09328904
09338453	09411430
09338712	09360122
09338910	09388848
09339512	09411430
09340024	09252970
09340203	09411430
09340452	09208496
09340644	09411430
09340935	09411430
09341465	09453008
09341673	09360122
09342729	09360122
09343422	09440186
09346284	09360122
09349192	09360122
09349425	09360122
09350045	09426788
09350524	09411430
09351647	09411430
09352108	09403734
09353437	09411430
09356320	09411430
09356639	09411430
09356781	09215664
09357580	09411430
09357847	09360122
09358096	09215664
09361816	09403734
09364249	09360122
09365128	09360122
09365288	09360122
09365730	09215664
09367827	09411430
09368479	09411430
09370168	09411430
09370383	09215664
09370552	09411430
09370773	09475292
09371151	09411430
09371360	09411430
09371816	09411430
09372504	09254614
09374036	09426788
09376979	09411430
09377315	09411430
09377657	09360122
09377861	09328904
09378014	09452395
09378529	09360122
09378801	07959943
09379938	09411430
09380117	09252970
09380446	09215664
09380817	09411430
09382362	09403734
09382990	09376198
09383793	09428293
09384223	09403734
09384921	09411430
09385586	09360122
09387624	09475292
09388121	09411430
09388318	09411430
09390424	09296121
09391996	09360122
09392162	09287968
09395763	07959943
09396275	09360122
09396712	09469152
09398217	09411430
09398533	09328904
09400667	09440186
09401474	09403734
09403581	09360122
09405169	09360122
09405515	09411430
09405949	09411430
09407632	09411430
09408540	09411430
09408795	09403734
09408977	09411430
09410558	09274500
09410724	09411430
09417560	09411430
09417668	09360122
09418169	09411430
09418484	09403734
09419281	09411430
09419783	09411430
09420030	09411430
09421191	09411430
09421604	09278537
09422294	09468604
09422964	09468604
09423379	09403734
09424118	09313716
09425159	09403734
09425835	09411430
09427876	09215664
09429934	09403734
09430416	09475292
09430771	09411430
09431569	09360122
09432549	09468604
09434345	09403734
09434469	09403734
09434661	09403734
09434845	09403734
09435965	09221070
09438554	09411430
09440400	09254614
09441107	09426788
09441352	09252970
09441725	09411430
09445088	09403734
09449773	09411430
09451864	09411430
09452017	09411430
09453288	09403734
09453566	09411430
09453887	09411430
09455640	09411430
09456860	09403734
09458587	09403734
09458791	09411430
09459557	09411430
09463721	09360122
09464652	09403734
09465135	09360122
09467185	09403734
09467765	09475292
09471638	09475292
09473808	09411430
09477567	09360122
09477718	09411430
09478047	09360122
09478355	09411430
09479238	09319456
09479424	09284015
09481285	09411430
09481523	09411430
09481958	09426788
09482131	09411430
09482715	09475292
09482916	09411430
09483129	09411430
09483340	09411430
09488259	09483738
09498497	09484664
09498697	09484664
09499230	09505418
09506337	09492123
09507909	09507097
09510305	09507097
09532214	10343554
09532384	09505418
09532837	09505418
09533498	09533048
09536058	09504135
09536363	09536058
09537144	09538021
09538318	09536058
09543353	09504135
09557387	09551356
09559404	09547903
09572425	09551356
09572825	09551356
09573966	09552681
09581129	09578465
09590205	09587565
09591155	10276045
09593651	09484664
09601571	09587565
10172793	09587565
10251125	09994943
10282014	10519494
10550673	09483738
10550673	10408552
10550951	09587565
10551265	09587565
10807317	10705615
10808200	10467395
10808353	10467395
10810923	10231515
10812047	09711132
10812047	10123844
10812047	10650162
10812550	09987239
10812800	09987239
10813204	10453533
10813986	09818343
10813986	10301261
10813986	10428004
10814328	09887496
10814953	09765278
10814953	10088390
10815648	09857200
10815648	09921792
10815648	09947232
10815648	10022111
10815648	10547145
10815648	10705615
10818088	09798811
10818088	10547145
10819285	09773245
10819755	10537240
10820163	10123844
10820790	10022111
10820790	10547145
10822338	10423589
10822962	10705615
10823199	10220486
10823199	10732010
10824541	09714429
10824541	10231515
10824710	09714429
10824710	10231515
10825180	10467395
10826352	09765278
10826352	09920283
10826717	10450303
10826952	10650162
10827155	09921792
10827155	10022111
10827155	10547145
10827155	10705615
10827678	10231515
10827873	10650162
10828573	09921792
10828573	10022111
10828573	10547145
10828573	10705615
10828990	10537240
10828990	10650162
10829450	10249950
10829450	10423589
10829733	10020890
10830456	10423589
10830456	10650162
10831363	10599806
10834176	10020890
10834690	10450303
10835218	09765278
10835709	09765278
10836029	09765278
10836725	10020890
10837567	10090020
10837567	10650162
10837918	09921792
10837918	10022111
10837918	10547145
10837918	10705615
10839617	10071557
10839617	10084635
10839617	10794014
10839791	10450303
10839791	10491575
10840021	09805151
10840021	10296832
10840021	10547145
10840769	10022111
10840769	10547145
10840769	10705615
10841065	09756637
10841065	09927451
10842730	09894143
10842730	10705615
10843705	10191943
10843705	10794014
10844031	10453533
10844231	10453533
10845248	09826204
10848122	09805475
10848122	10566072
10849873	10214637
10849873	10312077
10851599	10650162
10852803	09826204
10854397	10343554
10855047	09765278
10855604	10123844
10855604	10650162
10856486	10322957
10856486	10547145
10856799	10453533
10857001	09977660
10857540	09765278
10857540	09813696
10859669	10044879
10860999	10450303
10864204	09754217
10864204	10547145
10864635	09947232
10864635	09952539
10867708	09831411
10867708	10020890
10868177	10375794
10868397	09991026
10868980	09928136
10868980	10547145
10869385	10249950
10869385	10450303
10869931	10467395
10870235	10323182
10870235	10794014
10871129	10705615
10871756	10464178
10871756	10794014
10873059	10380672
10873059	10650162
10875107	09765278
10875910	10467395
10876798	10347593
10878161	10123844
10878161	10650162
10878844	09765278
10879789	10453533
10880024	10453533
10880398	10705615
10881092	10071557
10881092	10794014
10883688	09855630
10883688	10679174
10884061	10794014
10884597	09855630
10884597	10060621
10884831	10467395
10886222	10599806
10889032	10030277
10889032	10794014
10890637	09940146
10891981	09896520
10891981	10181137
10892564	10233445
10893606	09916788
10893606	10450303
10893830	10650162
10893830	10794014
10894652	10030277
10895549	09765278
10895549	10599806
10895688	10123844
10895688	10650162
10897312	10794014
10897946	10380672
10897946	10650162
10898549	10450303
10899951	10450303
10900730	10191943
10900730	10794014
10901192	10453533
10901420	10453533
10901589	10453533
10902051	10467395
10902934	10123844
10902934	10650162
10903722	09826204
10904107	10088390
10904107	10794014
10904270	10593745
10906048	10515194
10908919	10467395
10909303	09765278
10910580	10527334
10912243	09956780
10912451	10090020
10912451	10650162
10913641	09765278
10913641	09947232
10913641	10030277
10915025	10557854
10915566	10450303
10915862	10020890
10916105	10123844
10916105	10650162
10916325	09765278
10916731	09765278
10916731	09980090
10925939	10123844
10925939	10650162
10926066	09765278
10927424	10049017
10927424	10214637
10927824	10650162
10928140	10030277
10928140	10395605
10929886	09989502
10930428	09711132
10930428	10380672
10930428	10650162
10930913	09765278
10932495	09868270
10932898	10045713
10932898	10423589
10935304	09767700
10935304	10599806
10935745	10794014
10937126	10088390
10937611	10515194
10938363	10470779
10938363	10547145
10938640	10528816
10938640	10624540
10939856	09927451
10939856	10444194
10940053	09826204
10940053	10123844
10940669	10794014
10941714	10123844
10941714	10296176
10943256	09765278
10947108	10599806
10947108	10624540
10947259	10210648
10947403	09826204
10948117	10705615
10948312	10343554
10948312	10705615
10951459	10233445
10951697	10233445
10954328	10020890
10954966	10123844
10954966	10467395
10955483	10088390
10959664	10566072
10959857	10191192
10959857	10705615
10965361	09765278
10965550	09765278
10966145	10020890
10969305	10231515
10972495	10123844
10972495	10650162
10974033	09765278
10974740	10467395
10978842	10011902
10978842	10123844
10979079	09740085
10979079	10475297
10979079	10560637
10979079	10794014
10982127	09790278
10982127	10354265
10982450	10084635
10985440	09615807
10986437	09765278
10987358	10013927
10987358	10043643
10989610	10650162
10990733	10467395
10991165	09767700
10991165	10599806
10991415	09765278
10994906	10233445
10995115	10233445
10995292	10233445
10995592	10233445
10995850	10233445
10997553	10391653
10997553	10566072
10998305	09765278
10998651	10030277
10998651	10794014
10998860	09765278
10999410	10020890
10999410	10428004
10999584	10258152
11002191	09818022
11002191	10578471
11004106	10030277
11004106	10363573
11004106	10444194
11005571	10088390
11007332	09837201
11007332	09926246
11008647	10350220
11008870	10794014
11009773	10391653
11010385	10067011
11011123	10123844
11011123	10467395
11011398	09765278
11011764	09765278
11011764	09979589
11011764	10015215
11011764	10030277
11011764	10705448
11013876	10453533
11013876	10547145
11014212	10453533
11014652	10453533
11014833	10453533
11015080	09921792
11015080	10547145
11015080	10705615
11016374	10088390
11016563	10264437
11016563	10794014
11017454	10227985
11018153	10527334
11019269	09765278
11020721	10099093
11020888	09940987
11022465	10650162
11028074	09765278
11028446	10467395
11030025	10013927
11030025	10090020
11030395	10123844
11031420	10467395
11031668	10467395
11031995	09765278
11033358	10020890
11033358	10560637
11034596	10030277
11034596	10650162
11036140	10467395
11039690	09765278
11040381	09740085
11040381	10380672
11041814	10233445
11044168	10566072
11045106	10214637
11045106	10301261
11045898	09818343
11046169	09818343
11051070	10086821
11051070	10123844
11051070	10650162
11052672	10011902
11052672	10350220
11054034	10020890
11054442	09765278
11056654	10536416
11056654	10624540
11058633	10467395
11059079	10204177
11059438	09765278
11060103	10045713
11060103	10705615
11060535	09767700
11060535	10599806
11061853	10123844
11061853	10450303
11062285	09765278
11064834	09826204
11064834	10088390
11064834	10204177
11065345	10363573
11065345	10444194
11067604	10020890
11068196	10231515
11068401	09623038
11070644	10030277
11070644	10444194
11071177	10547145
11071177	10705615
11071677	09807075
11071960	10453533
11072189	10453533
11072396	10453533
11072673	10453533
11073061	09921792
11073061	10022111
11073061	10547145
11073795	10499355
11075823	10123844
11075823	10467395
11076079	10123844
11076566	09924996
11076566	10450303
11076965	10599806
11077195	09767700
11077195	10450303
11077762	10020890
11078404	10702781
11078982	09798811
11078982	10547145
11079544	09977660
11079802	10233445
11080745	10705615
11081828	10467395
11083064	09921792
11083064	10547145
11083064	10705615
11083656	09681351
11083656	10483890
11084110	11083656
11084895	09807075
11084895	10142537
11085924	09798811
11085924	10067305
11085924	10547145
11086279	10233445
11086607	10453533
11086774	09921792
11086774	10022111
11086774	10464178
11086774	10547145
11086774	10705615
11087359	10172448
11087359	10547145
11087612	10453533
11087767	10453533
11088059	10467395
11088346	10467395
11088622	10256080
11088622	10794014
11089669	09765278
11089669	10599806
11092292	10177150
11092292	10421183
11094055	09798811
11094055	10547145
11096801	09765278
11098223	09765278
11098380	09765278
11098380	09940146
11099729	09765278
11099729	09920283
11099729	09989502
11100139	09930876
11101000	10467395
11105054	09924996
11105054	09927451
11105298	10151760
11105298	10599806
11106943	09972157
11107901	10020890
11108195	10177150
11108195	10705615
11108767	10650162
11109424	10088390
11109728	10407310
11109728	10622053
11114423	10435367
11115131	09947232
11115131	09952539
11115558	10204177
11115558	10214637
11116642	09818343
11116642	10214637
11117451	09818343
11117451	10301261
11117744	10191943
11117744	10794014
11118886	09940146
11118886	10599806
11119061	09765278
11120834	10622053
11120834	10794014
11121108	10296832
11121108	10547145
11121451	10043643
11121451	10191943
11121640	09796323
11121640	10394786
11121876	09796323
11122114	09796323
11122114	10394786
11123262	09947232
11123262	10599806
11124300	09765278
11124647	10088390
11125193	10301261
11125193	10423589
11125840	09765278
11126490	09863936
11126783	10536416
11126783	10624540
11127188	10453533
11127188	10547145
11127419	10453533
11127565	10453533
11127752	10453533
11127996	10453533
11128394	09615807
11128394	09805475
11128394	10375794
11128394	10566072
11132245	09805475
11132245	10566072
11132462	10249950
11132462	10467395
11132948	09826204
11133551	09868270
11136214	09765278
11138681	10557854
11138681	10650162
11138924	09765278
11143163	10020890
11143458	10088390
11143458	10564400
11144431	09765278
11144604	09799213
11144604	10067305
11144604	10547145
11145199	09765278
11147348	09977660
11147729	10423589
11147729	10650162
11150224	09958724
11150224	10293590
11150634	10650162
11151189	10315837
11152122	10557854
11153200	10346198
11153200	10650162
11154646	10020890
11155444	09945319
11155444	10527334
11155814	10318892
11156943	09799213
11156943	10547145
11157580	10599806
11158982	10123844
11159214	09765278
11159418	10444194
11159418	10527334
11159698	10599806
11159920	09765278
11159920	09940146
11160200	10453533
11160457	10043643
11160457	10423589
11160457	10527334
11161412	09681973
11161412	10332385
11162582	10547145
11162582	10601078
11163041	09765278
11163859	09989502
11164671	09798811
11164671	10067305
11164671	10547145
11165854	09809134
11165854	10214637
11166877	10088390
11167595	10450303
11167952	10536416
11167952	10624540
11168645	10214637
11168974	09835506
11168974	09931640
11169418	10467395
11171851	10705615
11172609	10090020
11172609	10421956
11173199	09868270
11173199	10112129
11173475	09913824
11176932	10020890
11178161	09805475
11178161	10375794
11178161	10566072
11181634	10527334
11182621	09826204
11182621	10123844
11182966	09765278
11183955	10391653
11183955	10566072
11186042	10467395
11189274	10566072
11189829	09765278
11189829	09940146
11190183	10650162
11190183	10794014
11190774	10435367
11192067	09974648
11192067	10444194
11192666	10214637
11192666	10391653
11194062	10084635
11194062	10672908
11194205	10045713
11195619	09818343
11197099	10256080
11197099	10423225
11198375	09947232
11199727	10072708
11200276	10053004
11200276	10123844
11201386	10702781
11202063	10231515
11202322	10453533
11203059	09771204
11204962	09807075
11205246	09765278
11205647	10123844
11205647	10296176
11206544	10013927
11206544	10794014
11208172	10467395
11213552	10231515
11213552	10547145
11213726	10566072
11214320	09765278
11216100	09947232
11216100	10599806
11218473	09765278
11219121	10204177
11219502	09952539
11219635	10430665
11219635	10650162
11220461	10585496
11222054	10020890
11222914	10554243
11224877	09855630
11224877	09913824
11225661	10323182
11225661	10547145
11226126	10453533
11226427	10453533
11228039	10450303
11228153	09805475
11229095	09896520
11229095	10231515
11231157	09798811
11231157	10547145
11234152	10599806
11234813	10467395
11234951	10391653
11234951	10566072
11236317	10650162
11236497	10650162
11236852	10453533
11237075	10453533
11237275	10453533
11237550	10453533
11237868	10453533
11238092	10453533
11238303	10453533
11238511	10453533
11239271	10423589
11240609	09765278
11240733	10467395
11241854	10123844
11241854	10650162
11243907	09826204
11245110	10123844
11248997	10705615
11250287	09623038
11251531	09947232
11251531	10430665
11251995	10423589
11251995	10650162
11252627	09937903
11252627	09971839
11253097	10231515
11253248	11253097
11253802	10450303
11253802	10672908
11255460	10467395
11256125	09765278
11256125	10088390
11259054	09937903
11259054	10090020
11259950	10233445
11261184	09765278
11261483	09807075
11261483	10650162
11263558	10187990
11264973	09924996
11265416	09765278
11267949	10566072
11268667	09767700
11268667	09989502
11269085	10020890
11269236	10164025
11270023	10467395
11270380	10013927
11270380	10794014
11270577	10033412
11270772	10450303
11270948	10020890
11273286	09947232
11274269	09740085
11274269	10020890
11274812	10269785
11274812	10423589
11275636	10088390
11277500	09668729
11277500	10562749
11282286	10030277
11282286	10071557
11282802	10515194
11282802	10778345
11283300	10123844
11283300	10296176
11287964	10020890
11287964	10323182
11287964	10382825
11287964	10423589
11288216	10123844
11289709	09765278
11290984	10099093
11292105	09765278
11292207	10088390
11292391	10030277
11292391	10423589
11292391	10650162
11295196	10030277
11295196	10444194
11295619	09615807
11295936	10030277
11295936	10794014
11296139	10672908
11300893	10043643
11300893	10488865
11301279	10599806
11301279	10624540
11301414	09798811
11301414	10547145
11301597	10020890
11301809	10020366
11302062	09765278
11302062	09980090
11302772	10214637
11302772	10292316
11304811	09765278
11306008	10599806
11306175	10566072
11307262	10705615
11308120	10018532
11308120	10794014
11311011	09615807
11311011	10214637
11312709	09765278
11312709	10015215
11313011	10072708
11313011	10224578
11313507	10084635
11313726	10036929
11313726	10536416
11313911	09920283
11313911	09989502
11316828	10754578
11318171	09765278
11319570	10084635
11319570	10672908
11320405	09756637
11320405	10794014
11321051	09765278
11321051	10088200
11322178	09767700
11322627	09765278
11325534	10067011
11326591	10705615
11327273	10020890
11327398	10453533
11327744	10030277
11327744	10444194
11328714	09916788
11328714	10467395
11329281	10214637
11329281	10426749
11331300	10088390
11331669	10088390
11331804	10231515
11332572	10088390
11333237	10467395
11334003	10435367
11335878	10368009
11338796	10547145
11342618	10705615
11345181	10423225
11345181	10794014
11347080	10515194
11347519	09765278
11348160	09765278
11348160	10705448
11348812	10136959
11349318	09863936
11349318	10527334
11349739	10467395
11350705	09756637
11353195	10210137
11353195	10609325
11354001	09807075
11354145	10467395
11354333	10212501
11354333	10296618
11355669	09857200
11355669	10212501
11356636	10453533
11356822	10453533
11357086	10453533
11357879	09807075
11358065	09765278
11358065	10030277
11358719	10467395
11359187	10090020
11359187	10421956
11364570	10210137
11364570	10609325
11365857	10053439
11365857	10499631
11366405	10527334
11367581	10088390
11368638	10794014
11370654	10013927
11370654	10650162
11372372	10650162
11372599	10794014
11374281	10043643
11374281	10060621
11375418	10123844
11375418	10467395
11376069	10599806
11376742	09615807
11376742	10214637
11377043	10444194
11377043	10705615
11377712	09765278
11377851	10043643
11377851	10620758
11378462	09947232
11378462	09952539
11380768	09765278
11380768	10088390
11380923	10123844
11380923	10650162
11381824	09927451
11385126	10214637
11385126	10292316
11385748	10177150
11385748	10794014
11386346	10030277
11386346	10794014
11386503	10088390
11386692	10030277
11386692	10794014
11387179	10515194
11388321	10020890
11389619	09927451
11389619	10583387
11390364	10599806
11390364	10624540
11395199	10084635
11395199	10794014
11398344	10084635
11399866	10705615
11400230	09807075
11400230	10650162
11400704	10599806
11400837	09807075
11402463	10030277
11402463	10444194
11404666	09820263
11404971	10088390
11406314	09945319
11406314	10527334
11408243	10705615
15124183	15243730
15124361	15248020
15124545	15247518
15124864	15248269
15125097	15247518
15126175	15248020
15126361	15247518
15126595	15247518
15126750	15247518
15126931	15248020
15127307	15247518
15127507	15247518
15127729	15247518
15127982	15247518
15128711	15243730
15128997	15243730
15129220	15243730
15129572	15243730
15231415	15113229
15231964	15113229
15232406	15113229
15232712	15113229
15232899	15113229
15233047	15113229
15233239	15113229
15233411	15113229
15259284	15254028
15259812	15254028
15298283	07314078
15298283	15113229
