00003553	03892891
00003553	04164989
00004475	00006484
00004475	05220461
00006484	05432948
00006484	05434927
00006484	05445668
00007846	04617562
00007846	05217168
00015388	05538625
00015388	05601198
00017222	13086908
00021265	07555863
00052500	00281752
00100253	01053207
00142361	07003672
00142361	07004057
00153105	00177127
00243373	07240077
00243918	00248063
00243918	00248368
00255710	00396642
00283568	00285889
00314469	00815173
00315986	00319176
00434075	00438065
00445351	00342565
00447540	00812977
00463246	00556313
00463246	15233778
00463246	15233989
00463246	15256915
00463246	15274305
00463543	00239024
00463543	00562935
00468480	15257829
00470966	00471277
00480993	00110057
00480993	00140112
00480993	00563494
00480993	15257829
00482298	00566298
00488225	00340463
00488225	00803394
00488225	01085337
00488225	01259211
00490569	01259380
00490569	06737112
00490569	06737394
00490569	07474645
00499924	00500280
00499924	00500449
00499924	00500669
00501080	00500280
00501080	00500449
00503237	00166355
00503237	03011521
00508952	01245813
00527695	00533922
00528667	00529224
00528667	00529400
00528667	00529511
00528667	07009640
00529224	00526259
00539951	00540701
00539951	00540895
00539951	00541035
00539951	00541178
00543233	15286042
00550771	00548326
00565302	00211776
00570066	00574227
00620424	00223854
00649760	13528100
00658082	04074482
00670250	00669481
00671351	00676834
00671351	00678010
00671351	00716055
00693399	05246215
00700000	00661847
00799537	00749232
00831191	00835267
00831191	00836788
00832626	00831919
00834636	00837675
00838367	00278810
00883297	00728849
00883297	00728975
00883297	00729108
00884466	00889472
00884466	00892861
00884466	01232246
00886039	00890941
00895501	00896348
00916464	00918820
00916464	00921790
00972621	00974444
00973077	00953559
00973077	00964343
00973077	01237167
01027859	00541479
01032040	07190290
01035853	01036194
01035853	01036333
01039140	00094240
01090446	01105259
01094725	01095753
01097292	01094725
01104637	00608896
01104637	00609236
01104637	00617989
01112420	01113068
01112420	07247071
01170962	01173038
01174251	01174645
01195867	01198307
01195867	01198750
01287431	01293167
01299735	01295918
01301630	01269633
01301630	01273491
01301630	01274909
01301630	01275389
01301630	01275697
01301630	01279342
01301630	01279615
01301630	01282711
01301630	01290435
01301630	01294502
01301630	01298797
01301630	01299735
01302086	01273735
01302086	01276436
01302086	01279120
01302086	01283935
01302086	01288272
01302086	01294127
01302086	01300242
01304121	01277755
01305551	01299994
01306358	01282289
01306358	01299037
01306358	01299476
01307299	01283185
01308438	01288057
01308438	01292928
01309109	01285305
01311520	01271428
01311520	01277288
01311520	01282466
01311520	01287431
01311520	01294791
01311520	01295373
01311520	01296505
01311520	01298573
01311520	01300508
01311520	01300782
01311520	01301080
01312096	01270343
01312096	01270628
01312096	01271107
01312096	01271669
01312096	01276194
01312096	01277938
01312096	01280055
01312096	01282022
01312096	01289061
01312096	01295528
01312096	01299224
01355326	01458302
01383638	01996585
01458842	05520479
01459791	05520479
01460108	14019441
01461646	01459242
01461646	01462209
01471682	02157557
01471682	05279026
01471682	05552607
01471682	05566097
01472502	01472638
01472502	01472939
01503061	01758308
01503061	01896031
01503061	02151625
01503061	02154416
01503061	02463611
01503061	02511633
01503061	07644382
01627424	02465929
01662784	01903756
01754876	01754737
01767661	01903756
01767661	01905121
01789740	07644706
01791625	07644967
01861778	01898731
01861778	05254393
01862399	05554189
01893825	01900837
01896031	01897991
01896031	02468617
01905661	02511510
01940736	01903756
01940736	07783210
01956481	07786686
01957335	07787429
01958038	07786856
01960459	07786164
01965889	07797641
01966586	07797913
01971280	07781801
01974773	02156532
01981276	07788435
01982650	02585446
01983048	07792725
01983481	07792926
01984695	07793260
01985493	07788885
01985797	07788885
01986806	02585446
01986806	07794159
01990800	02585446
02003204	01897851
02083346	02439929
02084071	02158846
02120997	02439929
02139199	02151625
02151625	01897667
02151625	02468864
02156871	02463403
02156871	02463611
02156871	02464626
02159955	02151625
02188699	02152212
02300797	02468178
02302620	02468178
02324045	02158739
02324850	07666521
02325366	07666521
02326432	07666521
02346627	01900837
02370806	02153959
02370806	02462828
02370806	02463205
02374451	02159117
02374451	02462602
02374451	05539012
02395406	02439568
02395406	07668702
02396427	01465713
02399000	02399424
02399000	02399648
02399000	02399791
02399000	02399942
02402425	07663592
02403003	02462602
02403325	01325417
02403454	02370360
02403454	05539012
02411705	02439568
02411705	02462602
02413131	07667151
02416519	01325417
02416964	02370360
02430045	02158739
02430045	02158846
02430045	02462602
02439929	02440523
02472293	02463403
02472293	05217168
02472293	05256085
02472293	05539138
02472293	05563266
02472293	05563770
02472293	05564590
02472293	05600637
02503517	01465713
02512053	02465929
02512053	02466132
02523877	07789541
02532028	07784522
02534734	07795751
02536165	07796165
02536456	07796321
02536864	07796468
02540412	07798554
02548247	07779747
02565072	07777840
02565324	07777735
02593679	07790081
02599557	07792470
02601344	07784367
02615298	07786005
02624551	07781319
02626265	07784810
02626762	07780627
02627292	07781207
02632989	07786005
02640857	07799738
02655020	07781972
02659478	07791663
02663849	07791274
02672831	03928814
02677718	03613592
02686568	02932019
02686568	03061505
02686568	03401721
02686568	04226537
02687172	02742468
02687172	03363216
02687992	04120842
02687992	04396466
02690941	04526241
02691156	03295928
02691156	03408054
02691156	03530910
02691156	03638883
02691156	04590553
02691156	04592741
02692232	02687821
02692232	02693246
02693070	04120842
02704949	04541662
02709367	04184095
02715712	03998867
02726681	02726305
02731629	03868863
02733524	03615133
02742753	02743050
02743050	02790322
02743050	13902482
02746365	04322026
02748183	03485997
02752311	03683708
02753044	03970673
02757462	04043411
02757462	04064401
02757462	04392526
02761557	03302938
02761834	03537412
02763714	03474896
02763714	03974215
02764044	02764398
02764044	02848216
02764044	03474896
02769290	04149208
02774152	03038281
02774630	04333129
02775483	03006626
02777734	02788148
02780916	03859717
02782778	02780916
02782778	04300741
02785648	03430091
02788148	02783994
02788148	04047401
02793495	03500557
02795169	02895881
02795169	02919648
02795169	04390977
02799175	03485997
02799323	02838728
02799593	02797881
02799593	03792334
02799593	04204619
02802544	08590909
02807731	02808440
02807731	04209613
02807731	04446521
02807731	04553703
02810471	03274796
02810471	04413151
02811936	03130340
02811936	03750614
02814533	04384593
02818832	02822579
02818832	03731164
02821627	02818832
02822579	02822399
02834778	02836035
02834778	02999410
02834778	03487090
02834778	03616428
02834778	03796605
02834778	03903424
02834778	04289690
02836035	03971422
02836035	04283378
02854926	03815278
02862048	02738741
02862048	02801823
02862048	02892392
02862048	02895154
02862048	02950632
02862048	02978205
02862048	03144873
02862048	03146342
02862048	03292362
02862048	03325288
02862048	03429771
02862048	03448590
02862048	03457451
02862048	03513376
02862048	03623338
02862048	03879705
02862048	04077594
02862048	04114069
02862048	04231444
02862048	04259468
02862048	04395332
02862048	04496404
02862048	04519887
02862048	04539648
02865665	03042829
02865665	03501288
02867715	02950482
02870092	02840619
02872752	03308853
02872752	03511426
02872752	04290259
02872752	04514359
02880546	03341297
02883344	02798574
02883344	03661340
02887489	04333500
02887970	03038281
02891788	04519536
02892767	04333500
02895881	02896074
02896442	03062651
02898711	02733524
02900160	02844714
02900160	04072551
02900705	03485997
02906734	02907082
02910353	04010927
02912065	03233905
02912065	04190052
02913152	02713594
02913152	02715513
02913152	03109693
02913152	03109881
02913152	03281145
02913152	03307274
02913152	03365991
02913152	03509025
02913152	03579538
02913152	04105068
02913152	04105893
02913152	04143365
02913152	04182890
02913152	04226537
02913152	04298308
02913152	04546855
02933112	04190052
02933990	02934168
02942699	02943241
02942699	03189083
02948072	02948719
02958343	02685365
02958343	02758753
02958343	02761557
02958343	02761834
02958343	02911158
02958343	02918595
02958343	02963821
02958343	02965783
02958343	02970685
02958343	02974219
02958343	03327841
02958343	03366721
02958343	03424630
02958343	03441345
02958343	03459775
02958343	03518631
02958343	03530910
02958343	03696065
02958343	04060065
02958343	04085017
02958343	04105438
02958343	04120339
02958343	04294614
02958343	04357121
02958343	04384406
02958343	04588365
02959942	04366116
02962938	03857828
02963159	04238321
02963821	03521076
02967407	03485997
02968473	02765028
02970534	03485997
02970685	02767433
02970685	04162706
02970849	02765028
02970849	02973236
02971940	04346679
02973236	04283378
02974003	03547658
02974003	03971422
02976641	04205759
02977438	02679257
02980441	03610098
02985137	04152593
02992032	02991302
02995345	03125057
03001282	02999410
03001627	02767433
03001627	03654826
03011521	08270417
03013580	04333500
03014705	03661340
03015254	03233905
03015254	04190052
03016953	03233905
03017428	03161725
03017428	03346455
03020034	03577090
03027250	03594277
03028079	02731398
03028079	03004824
03028079	03809686
03029603	04228844
03030035	03338009
03033362	02955247
03033362	03024518
03033362	04072960
03033362	04204755
03033362	04211001
03033362	04494204
03034860	03035252
03051540	04550426
03054605	03390327
03054901	03055159
03058726	03131038
03063073	03485997
03063689	03485997
03068181	03315805
03070396	03768346
03072201	03072440
03073977	03903868
03073977	04182708
03074855	04452848
03075097	04452848
03077958	02872529
03077958	03077741
03077958	04044119
03077958	04176528
03077958	04406350
03082807	03156405
03082979	02924713
03082979	02985137
03082979	02995345
03082979	03020034
03082979	03084204
03082979	03084420
03082979	03163798
03082979	03209141
03082979	03209910
03082979	03493333
03082979	03614007
03082979	03744276
03082979	03782190
03082979	03916720
03085333	03827107
03085333	04175147
03085602	04588739
03085915	03842377
03098140	06874688
03102371	04557111
03103128	03320046
03103128	04021798
03103128	04422875
03120778	02789770
03132076	03485997
03145843	03315805
03146219	02770078
03151077	03308853
03158885	03520654
03177349	04328946
03179701	03233905
03186818	03341707
03187595	03186818
03196598	03666362
03199901	03905730
03200701	02912065
03209666	03492542
03211117	04054795
03213014	02955247
03213014	03213826
03221720	03682487
03224032	02977619
03224032	03221720
03224032	03223686
03233905	03682487
03236217	04149208
03236423	03236217
03236735	03815278
03236735	04238321
03239054	04368496
03239726	02844307
03240140	03027250
03240140	03273061
03243218	04277493
03243625	04472243
03244388	04499660
03248560	03828155
03248560	03834836
03248560	04013993
03249342	03921209
03250089	02890940
03250588	03273061
03259505	02807731
03259505	02821627
03259505	03175081
03259505	03200701
03259505	03238131
03259505	03319745
03259505	03619890
03259505	03679712
03265032	03485997
03269401	04413151
03270165	02700064
03270165	03503997
03270165	03560567
03270165	07262704
03271574	03273061
03271574	03547658
03273740	03508628
03273913	03273061
03278248	03274796
03282060	04085873
03287733	03431745
03288225	03156405
03291551	04478657
03292736	03956331
03292736	04355821
03302938	04218564
03305522	03304730
03306610	02969323
03307274	03222959
03307274	03521076
03307274	03882611
03309465	04082886
03309808	03265479
03309808	03513627
03316406	04008385
03316406	04203514
03321103	02683558
03321103	03426574
03321419	03321103
03325088	03485997
03331599	03852031
03331820	03331599
03336839	03474896
03343853	04216963
03346455	03346135
03346455	03507241
03346455	03719343
03346455	04557111
03351434	03436990
03351979	04067472
03351979	04321804
03358726	03358172
03374473	04412097
03376595	04119892
03379204	03378915
03380867	04258982
03383948	04010927
03385557	04051825
03391301	04272054
03391770	02769460
03400231	03485997
03401721	02670186
03401721	02962200
03401721	03401500
03401721	03424862
03401721	04021798
03404449	03454536
03408054	04384016
03409591	03471473
03409591	04089152
03412906	03491724
03417749	03899768
03419014	02784732
03419014	03308853
03419014	03814112
03419014	03972524
03419014	04236377
03419014	04613015
03422072	03833564
03425595	03508628
03427296	03521076
03427296	03682487
03430551	03064935
03438257	14881303
03442756	02789271
03446070	03446268
03446268	03313873
03446268	03511786
03446268	04258982
03446528	02920369
03446528	03501152
03446528	03526805
03446528	08579780
03446528	08661277
03452741	03654826
03454211	03532672
03455033	03455488
03467517	03341297
03467984	02677718
03467984	02972533
03467984	02973017
03467984	03469493
03467984	03470387
03467984	04322026
03470387	03340723
03473465	03473227
03474167	03600285
03474167	04089666
03479952	03365592
03479952	04546855
03481172	03501614
03485997	04184095
03487090	03485997
03488438	03485997
03489162	03485997
03491724	03829563
03494706	02900160
03494706	03031756
03494706	03503718
03497657	02902079
03497657	03138534
03497657	03498316
03501614	03313873
03503997	03395859
03509025	02863750
03509025	04041069
03512147	02848523
03512147	04111668
03513137	02818254
03513376	04538878
03519981	04466386
03532342	02790322
03536568	03536122
03540595	03043274
03540595	03541091
03540595	04549919
03542333	03542860
03544360	03686130
03544360	03984381
03548626	04087126
03551084	02889996
03551084	02890804
03557360	03907908
03560567	03213014
03560567	03561169
03567066	04422875
03569964	03077958
03569964	03425956
03569964	03711145
03569964	03907654
03569964	03997027
03569964	04019335
03569964	04178897
03569964	04473432
03569964	04562658
03578055	04292572
03579982	03288225
03579982	03695122
03579982	04357930
03593526	03661340
03595860	03596285
03596285	04111668
03597469	14699752
03610682	02838728
03613294	04184095
03614007	02677718
03623556	02848216
03623556	03474896
03623556	03974215
03624134	13902482
03629986	03630262
03633091	03485997
03635668	03650173
03636649	02798574
03636649	03194812
03644378	03829563
03646296	03027250
03646296	03490449
03649909	02848216
03654576	03145843
03660664	02968333
03660664	04058096
03661340	03682487
03662452	00860011
03665924	03336575
03667380	03194812
03667829	03309465
03670849	02845576
03671272	04048075
03671668	04455442
03673027	02932227
03681477	02924713
03682487	04497005
03683708	02933462
03684823	03328201
03684823	03380461
03695122	03843555
03695122	03844550
03701391	04322026
03705379	03976960
03719053	03718581
03744276	04071876
03748162	03748886
03763403	03763727
03768346	04182514
03773268	03359755
03773268	04012260
03773268	04297476
03781244	03772077
03782190	03857828
03786194	04368496
03787523	03787308
03788195	03762434
03788498	03788601
03790230	03512911
03790230	03579982
03790230	04590553
03790512	03616428
03790512	03616763
03790512	03796605
03791235	02891188
03791235	03010473
03791235	03103128
03791235	03243625
03791235	03270165
03791235	03401721
03791235	03432129
03791235	03483637
03791235	03579982
03791235	03841143
03791235	03903424
03791235	04366116
03791235	04590553
03791235	04590746
03795976	03637027
03797390	03485997
03799375	02872333
03804744	03042829
03804744	04184095
03814112	03068181
03814906	03908831
03816136	03308297
03816136	03974215
03819595	02768433
03822951	02837134
03824381	03824284
03834604	02753881
03836451	02865665
03836451	03836191
03837422	02848523
03844045	04581829
03852688	03309465
03852688	03838298
03854065	03614007
03854065	03854815
03854065	03903424
03854065	03928814
03857828	02985137
03859000	04154152
03859717	02994219
03859717	03654374
03859717	04091839
03888257	02952109
03908204	03974215
03908204	13902482
03909160	02860239
03918480	03760310
03918480	03902220
03921209	03247620
03924069	02675077
03924978	03924407
03926148	03365374
03928116	03318983
03928116	03614007
03928116	03928589
03928116	03928814
03928116	04257223
03928116	04262161
03928116	04367011
03933529	02864593
03935450	04271371
03940256	03501288
03940256	03974215
03940256	04184095
03944672	04287153
03948459	04322026
03962685	03082979
03962685	06568134
03963645	04167759
03963645	04238128
03963645	04371774
03963982	03313602
03965456	03378005
03966976	03594277
03969627	03968728
03982430	03972799
03982430	08516080
03996145	04452848
03996655	02924713
03997027	03995535
03997027	03996655
04005630	02992032
04008385	03100897
04011827	02848523
04011827	03547658
04012482	03321103
04013362	03380134
04013362	04010566
04018155	02705944
04018155	03691459
04018155	04390873
04018399	02796995
04021798	03156405
04027367	04027023
04037443	03061674
04037625	04336645
04037625	09314013
04038440	04280970
04039381	03313873
04039381	03485997
04039848	03207305
04039848	03857828
04039848	04021503
04039848	04564413
04041544	04043733
04043411	04043733
04043733	02705944
04043733	03181293
04043733	03181501
04044716	03207305
04048075	04433585
04048075	04463679
04050410	03501614
04052757	02911485
04052757	03108069
04052757	04050600
04054795	03952277
04055180	03901548
04060647	02715229
04063373	03963294
04064401	02971940
04072960	03276179
04090263	04022434
04096066	02829696
04096066	03138981
04096066	03581125
04096066	04096733
04096066	04465933
04096066	04499660
04099429	04099175
04099969	04098513
04099969	04119892
04105893	03365592
04105893	04546855
04107984	03914919
04110955	04111190
04118021	03265479
04123740	03980178
04127904	03458961
04128499	02994012
04128837	03512911
04128837	03726760
04128837	04127904
04137444	04257790
04138977	03485997
04140064	04452848
04146050	03038685
04148054	02848216
04153751	03501288
04170515	03273061
04178897	04179126
04194289	02964634
04194289	03167666
04194289	03412220
04194289	03473465
04194289	03512911
04194289	03686658
04194289	04055861
04194289	04154152
04194289	04188368
04194289	04226537
04194289	04267577
04194289	04316646
04194289	04585745
04197235	03251533
04197391	03191561
04199027	03068707
04199027	03631445
04199027	04200637
04199027	04275661
04199027	04444749
04199027	04514359
04200637	02684649
04202417	04203705
04203705	03211789
04206356	04022434
04209613	04209239
04216963	03309465
04230808	04238321
04236377	03145843
04244379	04244615
04248851	04241042
04257790	04257986
04259771	04021503
04264914	02932019
04264914	03510072
04264914	03569293
04270147	02848216
04270147	03485997
04270891	02790322
04270891	04271371
04272054	02899439
04273064	04005340
04295881	04300741
04295881	04302334
04295881	04434285
04295881	08570758
04298308	04314914
04309049	02863750
04309348	04309049
04310018	04309049
04311595	02831998
04311595	04305016
04315948	02705944
04316646	03296597
04316646	04226322
04328329	02714535
04328329	02984937
04330340	03454536
04331277	04119892
04338517	04262161
04341686	03387016
04341686	04341414
04347754	03091907
04347754	03295928
04347754	04250850
04347754	04259771
04365484	04216963
04365751	03658858
04366116	04198797
04367480	03785142
04370048	03815278
04370774	04370288
04370774	04370456
04371979	03521076
04371979	03882611
04373894	02848216
04373894	03375443
04373894	03385420
04373894	03474896
04373894	03520654
04373894	13902482
04377057	03778600
04379243	03654826
04384016	03536568
04384016	04530283
04389033	02950826
04389033	03469175
04392526	04392764
04393095	04392764
04402746	02934168
04402746	02994858
04402746	04373264
04402746	04401088
04403638	03340723
04403638	04005340
04404412	02985137
04404412	04405540
04404412	04405907
04404997	02943241
04404997	03531808
04404997	04405309
04405907	03617594
04407686	03073977
04407686	03290195
04411264	03471779
04413419	03614007
04417809	02885882
04417809	03033019
04417809	03238131
04417809	03853178
04417809	03892035
04417809	04296562
04417809	04302334
04417809	04418818
04417809	04434285
04418818	04013362
04418818	04418357
04437953	04436675
04446276	04446521
04446521	04447028
04446521	04447861
04467665	04172342
04469003	04463679
04471632	03283827
04472243	03054901
04472243	03431570
04472726	02715229
04473432	02687992
04473432	02898711
04473432	03671473
04473432	04019101
04473432	04412901
04473432	04564698
04474466	02776205
04487081	03273061
04487268	04335435
04489008	03654576
04489008	04238321
04490091	02918595
04490091	04105438
04490091	04294614
04490091	04384593
04494204	02714315
04494204	02984699
04494204	03274796
04494204	03458552
04494204	03960950
04495843	03512911
04497962	04182514
04498523	02848523
04502197	04502364
04504770	03614007
04505036	03614007
04505036	04505470
04507155	03485997
04507155	04087126
04519153	03490449
04524313	04281375
04526520	04526800
04526520	04526964
04530283	04529962
04530566	02709367
04530566	02838014
04530566	02880008
04530566	03548626
04530566	04544805
04530566	04554211
04531098	02798574
04531098	02902250
04538552	03594277
04540547	04540761
04540761	02714535
04540761	02984937
04543158	02765028
04543158	04543772
04543772	03533972
04546855	02734217
04546855	03120029
04546855	03224032
04546855	03882611
04555897	03142679
04555897	03313602
04560292	03485997
04560292	04287153
04561422	04563204
04562658	04078747
04563204	02909870
04566257	04565375
04567222	08589351
04567222	08590172
04568298	04551950
04568298	04598965
04576211	02889425
04576211	04574999
04577769	03643907
04577769	04321804
04587648	02977619
04587648	03881893
04591713	03108853
04592099	04184095
04592741	04087126
04602044	03683708
04606574	03594277
04609651	04609811
04617562	04616059
04617562	04620216
04617562	04623113
04620216	04660536
04620216	04669247
04620216	04869569
04623612	04630689
04623612	04631298
04676308	08585657
05101815	05102101
05216365	05263850
05216365	05296639
05216365	05303402
05216365	05329215
05216365	05329533
05216365	05462057
05216365	05462315
05216365	05509889
05216365	05510702
05216365	05511286
05216365	05511618
05216365	05538625
05216365	05546540
05216365	05549830
05216365	05560787
05216365	05563770
05219420	05545212
05219724	05513807
05219724	05514905
05219923	05513529
05219923	05514410
05219923	05514717
05220126	05554405
05220306	05261566
05238282	05240211
05238282	05241072
05238282	05243879
05238282	05244934
05238282	05245192
05238282	05245626
05238282	05245775
05238282	05245906
05238282	05264247
05238282	13905792
05240211	05243704
05247178	05247369
05247369	05247621
05247369	05247804
05248667	05231592
05250659	05254197
05256862	04055030
05256862	05257737
05261566	05262185
05269901	05280831
05269901	05285623
05269901	05447599
05269901	05471629
05269901	05472032
05269901	05582305
05273822	05233420
05273822	05284851
05273822	05546383
05274105	05354580
05275315	05347146
05275905	05232972
05275905	05233100
05275905	05233741
05275905	05234737
05275905	05235607
05275905	05471837
05275905	05472205
05279688	05279953
05279688	05280365
05280998	05542539
05282000	05542193
05282746	05308310
05284132	05309591
05284132	05544264
05284333	05273684
05284333	05473104
05285275	05332225
05286536	05582305
05288091	05582305
05289297	05459232
05289861	05290756
05289861	05459769
05296639	05595083
05297523	05493303
05299178	05473735
05300507	05300675
05300507	05320899
05300507	05479503
05300675	05321307
05300675	05324888
05300926	05311054
05300926	05478336
05301072	05305136
05301752	05305136
05301908	05302499
05301908	05305806
05302499	05282433
05302499	05301072
05302499	05304932
05302499	05309725
05305136	05240850
05305806	05348884
05305806	05371663
05309725	05305136
05309725	05309392
05309725	05309591
05310351	05335310
05310790	01472638
05310790	01472939
05311054	05313115
05311054	05313822
05311054	05314075
05311054	05314255
05311054	05314639
05311054	05315095
05311054	05316025
05311054	05316175
05311054	05317354
05311054	05317960
05311054	05319936
05311054	05320362
05311054	05340599
05311054	05342214
05311054	05349659
05311054	05372428
05311054	05405554
05311054	05426989
05311054	05572940
05311054	09201031
05313535	05423779
05313822	05314919
05313822	05315095
05318831	05324553
05320899	05318831
05320899	05325378
05321307	05240850
05321307	05321664
05321307	05321917
05321307	05322103
05321307	05322247
05321307	05323228
05321307	05326624
05321307	05349445
05321307	05372290
05323723	05248667
05323723	05323889
05324888	05277728
05327767	05516366
05329215	05385534
05329215	05387167
05329215	05405946
05329215	05532225
05329215	05532795
05329215	05532944
05329533	05329735
05331171	05490983
05331171	05491308
05332802	05247178
05332802	05331171
05333467	05350061
05333467	05380822
05385534	05386845
05387167	05387395
05387167	05485314
05387544	05378234
05387544	05387842
05388805	05343718
05388805	05389939
05388805	05395098
05388805	05395286
05393230	05392348
05393230	05392562
05395690	05345581
05395690	05367735
05395690	05367912
05396366	05287882
05396366	05333467
05396366	05396807
05396366	05451384
05399486	05399627
05399847	05449268
05404336	05457469
05405554	05331653
05405554	05331812
05426989	05240850
05426989	05455690
05426989	05455912
05427946	05428136
05432948	05433496
05432948	05434557
05434927	05435277
05434927	05436080
05434927	05442131
05442131	05435477
05442131	05436752
05442131	05444324
05456456	15088869
05457469	01458302
05457469	05457795
05459769	05459953
05460870	05332569
05460870	05430095
05460870	05461349
05461179	05328232
05461179	05581693
05461816	05289057
05461816	05296253
05462057	05461816
05462057	05585383
05462315	05296775
05462315	05465567
05462315	05475681
05462315	05480794
05462315	05501711
05462315	05504532
05465567	05468849
05467054	05467432
05468849	05469032
05474346	05236152
05474346	05464104
05474346	05473928
05474738	05466696
05474738	05474976
05475134	05466892
05475134	05475397
05480794	05467054
05480794	05491612
05480794	05503705
05481095	05343542
05481095	05465868
05481095	05495981
05481095	05500594
05481095	05501185
05481095	05502556
05483890	05484355
05483890	05484862
05484355	05484573
05484862	05484711
05485554	05340795
05486510	05466005
05486510	05486920
05486510	05493758
05486510	05493992
05486510	05494130
05486510	05494365
05486510	05494933
05489394	05488385
05489394	05490370
05491612	05497363
05491993	05476915
05491993	05486510
05491993	05492426
05494933	05495571
05495172	05605192
05495981	05476754
05495981	05496990
05496990	05228020
05496990	05229990
05496990	05299927
05496990	05478336
05496990	05483890
05496990	05497363
05496990	05499172
05498773	05227572
05498773	05495571
05499172	05487423
05499542	05497741
05499542	05498048
05499828	05500312
05499828	05500465
05500594	05485554
05500992	05605192
05501185	05495172
05501185	05500992
05501185	05502090
05502556	05504107
05503705	05380697
05503705	05466005
05503705	05504107
05504532	05505679
05509146	05456732
05509146	05513302
05509452	05333259
05509452	05509146
05509452	05511061
05509452	05512337
05509452	05512835
05509452	05513020
05509889	05510173
05510358	05387544
05510358	05531666
05510506	05528604
05510506	05529729
05510506	05531814
05510506	05547508
05510506	05598147
05510702	05299178
05511061	05332802
05511061	05512337
05511061	05512835
05511061	05513020
05511286	13096863
05511618	05385534
05511618	05388805
05511618	05404074
05511618	05417975
05511618	05418717
05511618	05421414
05511618	05430095
05513020	05512670
05513529	05457973
05513529	05514410
05513529	05515287
05513529	05518870
05513529	05519085
05513529	05521111
05513807	05331404
05513807	05514905
05513807	05524615
05513807	05526175
05513807	05526384
05514410	05521111
05514905	05517406
05514905	05524615
05514905	05525252
05514905	05526384
05517406	05527216
05519085	05303232
05519085	05355890
05519085	05518870
05519085	05519820
05520479	05384817
05521111	05512670
05521111	05521934
05521636	05372125
05521636	05513020
05521636	05522283
05521636	05522784
05521636	05523420
05523420	05527085
05524615	05355527
05524615	05382729
05524615	05524243
05524615	05525628
05524615	05525807
05524615	05526175
05524615	05527848
05526384	05421723
05526384	05513020
05526384	05526957
05527216	05525628
05527216	05526175
05528604	05240850
05528854	05309050
05529729	05301526
05529729	05349906
05529729	05372593
05529729	05530092
05529729	05530429
05531814	05301752
05532225	05395690
05532225	05533948
05532225	05535484
05532225	05547508
05533948	05534174
05534712	05346714
05535095	05573099
05535484	05536370
05535484	05537806
05536370	05537576
05537806	05538016
05538016	05571713
05538625	05320899
05538625	05338410
05538625	05481095
05538625	05540121
05539138	05539595
05539138	05601357
05540121	05230603
05540121	05273822
05540121	05280998
05540121	05285275
05540121	05540513
05540121	05546040
05540513	05274590
05540513	05282000
05540513	05540407
05540513	05541231
05540513	05541645
05540513	05541872
05540513	05543917
05540513	05544078
05540513	05544575
05540513	05544725
05540513	05544906
05540513	05545047
05540513	05545212
05541231	05232691
05541231	05541509
05541872	05542052
05546040	05310351
05546540	05332569
05546540	05339357
05546540	05341920
05546540	05370918
05546540	05547396
05546540	05547508
05546540	05588551
05546540	05590366
05547508	05301072
05547508	05305136
05547508	05528854
05547508	05529159
05547508	05529286
05547508	05609884
05548840	05590740
05549061	05279688
05549061	05604950
05549576	05338166
05549830	05318606
05549830	05548840
05549830	05549061
05549830	05550330
05549830	05551318
05549830	05552607
05549830	05555473
05549830	05555688
05549830	05555917
05549830	05556204
05549830	05556325
05549830	05558717
05549830	05559256
05549830	05559727
05549830	05597594
05552607	05281189
05552607	05383467
05552607	05385161
05552607	05551711
05552607	05553049
05552607	05553288
05554189	05554653
05554405	05554051
05554405	05554804
05556943	05343408
05556943	05385363
05556943	05534333
05556943	05556595
05556943	05557339
05556943	05558345
05556943	05604434
05558555	05522283
05558717	01895219
05559727	05570129
05560244	05566919
05560787	05376844
05560787	05379734
05560787	05562249
05560787	05563266
05560787	05578442
05560787	05591256
05560787	05594037
05560787	05594367
05560787	14559983
05562249	05294819
05562249	05573895
05562249	05596004
05563034	05594822
05563266	05274808
05563266	05337055
05563266	05344514
05563266	05352433
05563266	05370410
05563266	05373924
05563266	05576950
05563266	05577190
05563266	05577410
05563266	05577741
05563266	05578095
05563770	05564323
05563770	05564590
05563770	05568767
05563770	05579944
05563770	05584928
05563770	05593017
05564323	05593476
05564590	05344514
05564590	05352291
05564590	05370410
05564590	05373790
05564590	05565696
05564590	05566504
05564590	05576194
05564590	05593871
05565696	05565937
05566097	05581693
05566504	02440523
05566504	05585205
05569053	05365633
05569053	05424963
05573602	05278395
05573602	05368100
05573895	05574151
05574332	05578740
05577190	05576194
05578095	05578740
05578442	05271383
05579944	05293773
05584928	05271814
05584928	05272110
05585383	05585665
05586446	05269901
05586446	05274105
05586446	05279688
05586446	05587034
05586446	05587288
05586446	05593017
05586446	05594037
05586446	05595083
05587034	05560244
05587034	05596651
05587288	05281189
05587288	05540121
05587288	05588174
05588174	05249232
05588174	05274247
05588174	05284333
05588174	05284617
05593476	05593654
05595083	05293597
05596004	05275466
05596651	05274247
05596651	05274959
05596651	05275315
05596651	05275466
05596651	05278714
05596651	05279407
05598147	05283816
05598147	05344848
05598147	05544432
05598147	05599203
05599203	05277532
05600637	05261566
05600637	05301908
05600637	05311054
05600637	05313535
05600637	05367341
05600637	05479314
05600637	05598147
05600637	05599617
05600637	05601758
05600637	05602132
05600637	05602548
05600637	05602835
05600637	05603160
05613274	05613625
05613274	05613794
05624700	05797177
05629381	09186709
05629381	09248724
05629381	09338453
05629381	09449773
05650820	05651068
05650820	05651242
05659856	05655119
05659856	05659621
05681117	05768553
05728024	06008896
05743296	05266239
05779116	06754184
05779116	06754415
05793000	05793554
05796750	05796937
05869584	05867413
05881867	13590327
05890963	05891232
05902545	05980875
05930136	05930736
05978472	05978623
05985602	07222050
05989479	05872982
05989479	05888929
05990089	05881867
05999540	05999797
05999797	05993844
06028021	06027264
06065819	06066072
06065819	06066267
06100555	06103270
06123363	06124395
06141324	05878440
06142118	06128570
06149484	05994935
06169050	06180720
06256697	06258680
06261922	06589151
06267145	06268567
06267145	06268784
06267145	06269130
06267145	06344461
06267145	07003352
06269130	06270879
06275634	06624161
06277280	06277803
06277280	06278136
06285090	06312966
06285090	06314144
06285559	06314808
06286395	06304671
06286395	06308049
06289250	06601973
06291318	06602148
06300823	06300632
06316048	06320801
06320569	06318062
06335532	06335162
06349220	06256229
06351202	00390735
06351202	06841365
06353445	06828818
06355459	06805826
06355459	06805962
06356755	06820425
06362953	06398760
06369829	06373747
06369829	06373991
06377442	06347996
06377442	06384708
06377442	07052291
06377442	07093895
06377442	07096661
06387980	06394865
06387980	06397903
06387980	06399995
06387980	06400271
06390805	06399631
06390805	06491786
06410904	06345131
06418901	06300823
06431496	06431156
06431740	06449735
06431740	06453723
06431740	06453849
06431740	07172557
06435394	06435651
06435394	06435916
06449735	06432376
06449735	06432715
06449735	06433249
06449735	06433923
06449735	06434368
06449735	06435651
06449735	06435916
06449735	06436183
06449735	06436443
06449735	06436717
06449735	06436939
06449735	06437137
06449735	06437308
06449735	06437531
06449735	06437824
06449735	06438477
06449735	06438748
06449735	06438995
06449735	06439712
06449735	06440102
06449735	06440489
06449735	06440663
06449735	06440937
06449735	06441195
06449735	06451891
06449735	06457952
06449735	06466787
06451891	06432376
06451891	06432715
06451891	06433035
06451891	06433475
06452363	06452601
06452363	06453324
06452601	06433923
06452601	06438748
06452601	06439712
06452601	06440102
06452601	06440489
06452601	06440663
06452601	06440937
06452601	06441195
06453324	06434368
06453324	06435651
06453324	06435916
06453324	06436183
06453324	06436443
06453324	06436717
06453324	06436939
06453324	06437137
06453324	06437308
06453324	06437531
06453324	06437824
06453324	06438477
06453324	06438995
06453849	06441607
06453849	06441803
06453849	06441973
06453849	06442239
06453849	06442616
06453849	06447897
06453849	06455138
06455138	06455497
06457952	06460295
06457952	06460524
06461077	06437308
06461077	06437531
06461077	06437824
06461077	06460295
06461077	06460524
06461609	06461830
06470073	06392935
06473563	06389553
06481320	06482401
06486161	06486405
06498569	06838437
06498569	06838543
06498569	06838652
06498569	06838760
06498569	06838868
06498569	06838975
06498569	06839083
06500937	06687883
06534132	06535980
06534132	06727758
06534132	06728726
06534132	06728998
06534132	06729251
06536227	06535222
06536853	06394564
06564387	06394564
06568134	06580351
06568978	06582403
06568978	06584891
06575681	03187268
06575681	07269916
06580351	06584376
06581410	06584702
06589574	06258031
06589574	06387980
06589574	06489659
06589574	06780678
06589574	06998748
06593803	06391766
06595351	06258228
06595351	06268784
06596364	07003352
06621447	06621771
06623614	06624161
06624161	06764623
06624161	06787150
06624161	07012534
06663617	06655388
06676416	00890441
06682794	06349030
06688751	06691989
06732169	06808720
06750804	06751974
06754184	06754972
06754415	06754816
06754415	06754972
06778102	06778777
06787150	06355705
06793817	07251003
06814870	06862202
06875697	06876144
06891493	07039478
07006119	07007684
07007684	07009421
07007945	07009640
07010541	07010821
07013549	06284225
07026352	07009640
07028373	07045353
07037465	07039478
07044088	07046339
07048000	07050177
07048000	07051975
07052291	07012534
07064715	07086861
07072698	07098193
07109847	07111047
07115914	07116304
07115914	07116443
07194950	07195630
07220773	06394701
07220773	06396930
07220773	06398401
07235335	06561942
07238694	06394701
07238694	06396930
07262108	08517449
07289956	07307477
07368646	07322138
07368646	07322341
07402519	07404114
07402519	07404798
07454758	07244154
07461050	00288000
07467846	00439826
07468692	07466557
07468692	07468861
07519253	14405774
07557434	07621776
07557434	07809096
07557434	07829412
07573696	07556970
07573696	07557434
07573696	07578363
07573696	07580053
07578363	07578879
07622061	07622261
07644382	07647870
07644382	07648267
07644382	07648549
07644382	07649463
07644382	07650637
07644967	07648408
07647870	07650637
07648267	07650637
07658814	07658958
07663592	07656077
07663592	07658814
07667151	07667326
07668702	07668902
07695965	07679356
07697100	07664007
07697537	07676602
07697537	07690019
07705931	07738353
07710616	07711471
07731952	12144742
07747055	07747455
07749582	07738760
07803545	07803992
07808904	07803408
07840804	07841037
07840804	09432430
07953827	02746365
07954211	06652242
07956887	07957193
07966140	07966719
07966140	07974025
07977592	06576265
07977592	06583178
07977592	06583790
08022259	08040257
08024732	08321218
08045140	08030481
08050678	08164585
08050678	08166318
08054417	08146593
08082236	08082602
08083599	08085535
08083599	08085648
08110373	08101085
08124971	08125420
08124971	08125722
08129268	08129621
08129268	08129883
08129268	08130712
08129883	08130292
08130712	08131005
08130712	08131254
08131530	08132323
08131530	08191987
08131530	08196230
08131530	08340989
08131530	08341330
08131530	08341798
08131530	08348091
08131530	08394922
08131530	08395991
08131530	08396207
08131530	08396537
08131530	08396760
08132955	08133189
08133536	08124256
08133536	08124649
08133536	08133855
08133536	08134081
08134807	08136502
08134807	08348400
08135342	08135770
08135342	08136027
08135342	08136260
08135342	08141374
08135342	08141664
08135342	08142170
08135342	08142370
08136502	08136767
08137495	08349138
08137738	08138259
08137738	08138466
08137738	08138686
08139000	08139270
08139000	08139637
08139795	04510456
08139795	08137251
08139795	08140219
08139795	08140506
08139795	08142801
08139795	08142972
08139795	08143163
08139795	08143321
08141092	04510090
08141951	08332330
08143653	08143926
08143653	08144308
08143653	08192557
08164585	08376051
08168978	08167365
08174398	08175498
08191987	03812541
08191987	08192970
08191987	08193212
08191987	08193448
08191987	08193645
08191987	08194074
08191987	08194266
08192970	08194546
08196230	02688895
08196230	08194927
08196230	08196622
08196230	08196892
08196230	08197149
08196230	08197386
08208560	08209519
08211924	08211760
08212347	08218393
08248157	08216900
08249038	08216900
08268085	08268321
08274923	08278169
08274923	08286163
08287844	08288753
08340153	08340753
08341330	08341551
08345613	08345770
08356074	08123696
08356074	10467395
08356375	08356573
08366753	07966719
08390511	08391206
08391387	08391696
08394922	02741681
08394922	08141092
08394922	08213424
08394922	08395298
08394922	08395682
08394922	08396990
08404895	08405124
08417920	07257227
08417920	07257393
08429167	08215801
08435388	08377806
08437847	12148253
08441203	06532330
08472890	08233056
08479095	08094013
08492747	08493961
08493261	09025863
08494231	04088797
08494459	09198106
08499057	08588916
08500433	08500819
08501565	09439433
08502171	08500433
08503921	08504151
08505573	08506496
08506641	08648658
08514865	03327234
08519624	08519916
08519624	09238674
08519916	09017526
08519916	09018162
08519916	09018848
08521267	08494987
08521267	08520401
08521267	08600760
08521267	08684769
08521267	08685188
08524735	08524130
08524735	08543081
08524735	08543496
08524735	08571139
08540903	08537837
08540903	08541130
08540903	08619620
08543916	09084750
08543916	09086173
08544813	08556491
08550966	08586825
08551420	08551628
08553535	08549480
08553535	08549733
08562243	09189411
08562243	09211266
08562243	09275016
08563180	08563478
08563180	08563990
08563180	09048127
08563180	09201301
08563627	09057311
08563627	09060768
08563627	09110422
08563627	09114696
08563627	09141526
08564139	09237076
08564307	08565006
08564307	09082540
08564307	09084750
08564307	09086173
08564307	09087599
08564307	09099526
08564307	09102016
08564307	09105821
08564307	09109444
08564307	09130076
08564307	09157163
08570758	08571275
08587828	08547300
08588916	08582613
08591486	03647691
08594714	08594886
08597323	08705397
08597323	08969291
08597323	09037394
08612049	08495617
08612049	08618379
08619949	04449290
08639058	03216828
08639058	03638321
08639058	08639776
08640739	08640531
08644722	08616050
08665504	08541130
08675967	08615374
08682575	09275473
08682575	09372504
08682575	09440400
08682819	08563627
08682819	08564139
08685188	08685677
08699426	08716219
08699426	08815046
08699426	08928193
08699426	09034550
08699426	09043052
08699654	09170294
08701942	08503921
08701942	08701161
08701942	08701296
08701942	08701410
08701942	08701719
08701942	08784104
08701942	08787878
08701942	08788004
08701942	08788887
08701942	09039411
08701942	09042924
08703454	08704409
08703454	09304164
08703454	09325530
08704822	08787466
08705397	08706058
08705397	08706247
08705397	08706502
08705397	08706663
08705397	08706823
08707917	08708481
08707917	08708609
08707917	09324474
08707917	09483129
08709038	08709704
08709038	08747054
08709038	08750334
08709038	08751494
08709038	08752021
08709038	08752974
08709038	08753933
08709038	08755436
08709038	08763193
08709038	08847268
08709038	08987423
08709038	08988609
08709038	08989031
08711974	08711468
08711974	08711655
08711974	08713136
08711974	08713655
08711974	09196611
08711974	09272927
08711974	09309456
08711974	09341673
08711974	09377657
08711974	09384921
08711974	09410558
08711974	09463721
08713772	01302935
08713772	08698126
08713772	08704822
08713772	08815858
08713772	08915372
08713772	08915784
08713772	08961630
08713772	09039411
08713772	09213076
08714132	08714795
08714132	08714966
08714132	09263087
08715110	08731606
08715110	08907606
08715110	08997487
08715390	08715952
08715390	09350524
08716738	08717059
08716738	09350524
08717209	08717629
08717730	08717915
08719100	08719705
08719100	08719892
08720037	08720280
08720481	08711468
08720481	08721145
08720481	08721559
08720481	08722084
08720481	08722645
08720481	09196611
08720481	09272927
08720481	09377657
08720481	09463721
08723006	03018971
08723006	08722844
08723006	08724726
08723006	08725161
08723006	08725454
08723006	08725692
08723006	08725926
08723006	08726072
08723006	08726305
08723006	08726463
08723006	08726745
08723006	08727003
08723006	08727230
08723006	08727396
08723006	08727606
08723006	08727806
08723006	08727945
08723006	08728066
08723006	08728268
08723006	08728462
08723006	08728595
08723006	08728749
08723006	08728882
08723006	08729094
08723006	08729283
08723006	08729452
08723006	08729626
08723006	08729971
08723006	08731148
08723006	09169801
08723006	09173288
08723006	09196103
08723006	09226209
08723006	09228144
08723006	09286843
08723006	09306257
08723006	09327881
08723006	09338910
08723006	09365443
08723006	09384223
08723006	09398533
08723006	09458587
08723006	09481523
08723006	09483340
08725692	08726582
08726745	08727003
08726745	08727396
08730550	08730895
08730550	08731057
08731606	08715390
08731606	08731953
08731606	08956760
08731606	08963369
08731606	09036452
08731606	09163192
08732116	08732807
08732116	08733415
08732116	09196611
08732116	09379938
08734385	08734853
08734385	08735164
08734385	08735345
08734385	09252078
08734385	09326299
08734385	09330913
08735564	08740875
08735705	08703035
08735705	08736107
08735705	08737041
08735705	08737716
08735705	08738272
08735705	08738820
08736517	08736779
08738272	08738715
08739206	08739669
08740875	08742205
08740875	08743229
08740875	08743945
08740875	08744236
08740875	08744750
08740875	08745011
08740875	08746475
08740875	08746636
08740875	09168707
08740875	09173777
08740875	09249418
08740875	09297729
08740875	09343761
08740875	09410724
08740875	09434469
08740875	09434661
08740875	11642622
08747054	08747737
08747054	08754529
08747054	08755852
08747054	08756052
08747054	08847268
08747737	08748076
08747737	08748280
08748076	08750151
08748076	08751317
08748076	08752974
08748280	08748499
08748280	08749447
08748280	08749864
08748280	08755214
08749447	08709704
08749447	08987423
08749864	08946909
08749864	08989031
08750151	08750334
08750334	08750822
08751317	08751494
08751317	08752021
08752974	08752814
08752974	08753294
08755214	08755436
08756202	08755852
08756202	08756052
08756735	08756884
08757569	09263087
08759013	09236423
08759420	08759852
08759420	09371151
08761039	08761244
08761244	08761697
08761244	08761868
08761244	08762243
08761244	08951957
08762495	08762823
08763500	08763932
08764107	08764561
08764107	08764899
08764107	08765069
08764107	08765315
08764107	08765460
08764107	08765623
08764107	08765771
08764107	09462312
08765890	08766455
08765890	08766571
08765890	08766667
08765890	08766846
08766988	02909543
08766988	03158259
08766988	04216508
08766988	08769645
08766988	08770013
08766988	08770274
08766988	08770518
08766988	08770718
08766988	08770932
08766988	08771116
08766988	08771277
08766988	08771400
08766988	08771596
08766988	08771841
08766988	08772551
08766988	08772794
08766988	08772922
08766988	08773098
08766988	08773336
08766988	08773880
08766988	08774073
08766988	08774374
08766988	08774546
08766988	08774704
08766988	08774912
08766988	08775179
08766988	08775297
08766988	08775439
08766988	08775784
08766988	08776138
08766988	08776320
08766988	08951957
08766988	09252766
08766988	09263087
08766988	09367827
08766988	09376979
08766988	09408540
08766988	09418169
08766988	09477718
08775784	08775597
08776687	09196611
08778061	08778401
08778061	09333334
08778597	08779149
08779504	08779830
08779504	08780018
08779504	08780282
08779504	08780380
08779504	08780510
08779504	08780720
08780881	08782976
08780881	08783286
08780881	08783583
08780881	08783812
08780881	08784333
08780881	08785132
08780881	08785343
08780881	08786283
08780881	08786432
08780881	08786660
08780881	08786855
08780881	08787049
08780881	08787466
08780881	08787695
08780881	08789243
08780881	08789605
08780881	08789970
08780881	08790353
08780881	08790495
08780881	08790748
08780881	09378529
08780881	09385586
08780881	09424118
08783286	08783812
08784104	08783583
08785343	08785958
08786855	04407844
08790495	08787240
08790495	08790953
08791167	08792083
08791167	08792548
08791167	08910668
08791167	08913434
08791167	08915159
08791167	08927186
08791167	08929243
08791167	08957381
08791167	08993288
08791167	09033333
08791167	09039411
08792548	08793310
08792548	08793489
08792548	08793914
08792548	08794366
08792548	08794574
08792548	08794798
08792548	08795492
08792548	08795654
08792548	08795974
08792548	08798062
08792548	09171560
08792548	09263619
08792548	09361816
08794798	03527930
08794798	04408330
08797840	08798195
08798382	08799123
08798382	08799271
08798382	08799462
08798382	08799706
08798382	09321901
08800258	08800676
08800258	08800911
08800676	08801099
08801364	08992181
08801678	08801364
08801678	08803883
08801678	08804049
08801678	08804154
08801678	08804487
08801678	08804845
08801678	08804962
08801678	08805122
08801678	08805386
08801678	08806897
08801678	08807894
08801678	08808292
08801678	08808614
08801678	08809596
08801678	08809749
08801678	08810358
08801678	08811215
08801678	08811982
08801678	08812399
08801678	08812952
08801678	08813807
08801678	08846135
08801678	08939201
08801678	08945277
08801678	09177883
08801678	09194357
08801678	09200874
08801678	09206693
08801678	09228928
08801678	09268592
08801678	09349192
08801678	09357847
08801678	09464652
08804154	08804319
08805122	08805565
08806897	03072828
08806897	04224671
08806897	08797254
08806897	09161090
08808292	08808452
08808614	08809165
08809749	08810220
08811215	08784905
08811215	08805801
08811215	08810051
08811215	08811473
08811982	08812166
08812952	08813156
08812952	08813264
08812952	08813699
08813978	08814333
08813978	08814474
08813978	08814664
08813978	09236423
08813978	09263087
08813978	09460888
08815046	09326299
08815858	08818835
08815858	08819016
08816236	08816969
08816236	08817235
08816236	08817418
08816236	09263087
08816969	08817418
08817630	08818135
08817630	08818247
08820121	08821578
08820121	08822855
08820121	08823968
08820121	08825477
08820121	08827126
08820121	08829071
08820121	08830456
08820121	09250678
08820121	09292751
08820121	09370552
08820121	09482916
08821578	08824484
08821578	08826306
08822855	08564739
08822855	09313241
08822855	09429934
08824484	08824771
08824484	09419536
08827126	09232165
08827126	09332976
08829071	09330604
08830456	08830720
08830456	09342729
08830456	09445088
08831004	08832447
08831004	08832691
08831004	08834916
08831004	09211735
08831004	09235244
08831004	09235469
08831004	09292545
08832691	09235469
08835875	08836886
08835875	08841667
08836329	08836630
08836329	08836886
08836329	08841667
08836329	08907606
08836630	08778597
08836630	08842819
08836630	09160775
08836886	08837048
08837048	08837552
08837048	08838887
08837048	08840200
08837048	08840749
08837048	08841209
08837552	08837864
08838887	08839092
08840200	08840374
08840749	08839916
08841209	08841483
08841667	08989697
08841667	08991182
08841667	09037133
08841667	09079153
08841956	08842258
08841956	08843215
08843215	08896092
08843215	08909537
08843215	08964099
08843215	08964288
08843215	08964474
08844279	08844557
08844557	08842819
08845555	08846135
08845555	08846626
08845555	08846739
08845555	08846885
08845555	08847024
08845555	09194357
08845555	09228928
08845555	09263087
08845555	09464652
08847694	08986691
08847694	08993288
08847694	08995242
08847694	08995515
08847694	09164561
08847694	09167767
08848731	08849226
08848731	08849372
08848731	09228144
08848731	09286630
08849753	08850450
08849753	08850741
08849753	08851034
08849753	08851364
08849753	08851500
08849753	08851687
08849753	08851830
08849753	09353437
08849753	09421191
08849753	09425835
08852389	09170294
08852843	09196611
08853741	08711655
08853741	08854725
08853741	08854855
08853741	08855126
08853741	08855308
08853741	08855505
08853741	08855609
08853741	08855763
08853741	08855909
08853741	08856037
08853741	08856266
08853741	08856475
08853741	08856630
08853741	08856793
08853741	08856945
08853741	08857099
08853741	08857260
08853741	08857405
08853741	08857529
08853741	09195372
08853741	09202810
08853741	09309456
08853741	09384921
08853741	09387624
08853741	09430416
08853741	09467765
08858248	08858942
08858248	08859173
08858248	08860123
08858248	08887013
08858248	09479238
08858942	08890097
08859173	08887841
08859173	08888676
08860123	08871007
08860123	08887841
08860123	08890097
08860123	08894456
08871007	08873269
08871007	08873412
08871007	08873622
08871007	08876975
08871007	08877208
08871007	08877382
08871007	08877807
08871007	08878016
08871007	08879197
08871007	08879388
08871007	08879680
08871007	08881674
08871007	09430771
08873622	03821660
08873622	04460947
08873622	08597023
08873622	08874273
08873622	08875369
08873622	08875547
08873622	08876773
08888676	08889191
08888676	08889400
08888676	08889521
08888676	08889657
08888676	08889944
08890097	08881674
08890097	08891595
08890097	08891889
08890097	08892058
08890097	08892766
08890097	08892971
08890097	08893223
08890097	08954057
08893223	08894319
08894456	08895497
08894456	08895771
08894456	08895928
08894456	09430771
08896645	09172751
08897065	02751623
08897065	08896645
08897065	08897843
08897065	08898002
08897065	08898457
08897065	08898633
08897065	08899149
08897065	08899351
08897065	08899577
08897065	08899776
08897065	08900047
08897065	08900204
08897065	09168020
08897065	09170788
08897065	09371360
08900535	08902196
08900535	08902422
08900535	08902569
08900535	08902753
08900535	08902894
08900535	08903352
08900535	08903487
08900535	08903636
08900535	08903872
08900535	08904115
08900535	08904269
08900535	08904392
08900535	08904533
08900535	08904731
08900535	08904858
08900535	08905313
08900535	08905751
08900535	08905936
08900535	08975617
08900535	09173417
08900535	09228144
08900535	09286630
08900535	09303647
08900535	09322930
08900535	09365128
08900535	09396275
08900535	09458587
08906374	09197945
08906374	09241047
08906374	09266453
08906374	09277010
08906374	09303647
08906374	09323221
08906374	09338712
08906374	09346284
08906374	09375693
08906952	08907377
08906952	09241047
08906952	09277010
08906952	09290626
08906952	09323221
08906952	09338712
08906952	09346284
08906952	09375693
08907606	08908248
08907606	08908509
08907606	08908739
08907606	08908954
08907606	08909537
08907606	09175915
08908248	08910230
08910394	08848094
08910394	08910668
08910394	08913434
08910394	08929243
08910394	08975106
08910394	08986905
08910394	08993288
08910394	09044190
08910668	08911421
08910668	08911602
08910668	08911726
08910668	08911868
08910668	08912012
08910668	08912153
08910668	08912279
08910668	08912559
08910668	08912703
08910668	08913085
08910668	09038990
08910668	09169038
08910668	09237404
08910668	09333706
08913434	08914193
08913434	08914413
08913434	08914573
08913434	08914850
08913434	08915017
08913434	08916316
08913434	08917503
08913434	08917881
08913434	08918248
08913434	08918944
08913434	08919241
08913434	08919475
08913434	09038990
08913434	09039260
08913434	09173023
08913434	09274739
08913434	09458791
08916316	08916832
08916316	08917503
08916316	08917881
08916316	08918944
08916832	04460634
08917503	08918248
08918944	08919241
08918944	08919475
08919693	08919949
08920381	08920722
08920381	08920924
08920381	08921392
08920722	08923177
08920722	08925552
08920924	08923348
08920924	08923586
08920924	08923755
08920924	08923884
08920924	08924023
08920924	08924238
08920924	08924913
08920924	08926231
08920924	08926381
08920924	08926681
08921392	08925700
08921392	08925830
08921392	08925957
08921850	08923177
08921850	08923348
08921850	08923586
08921850	08923755
08921850	08923884
08921850	08924023
08921850	08924238
08921850	08924560
08921850	08925093
08921850	08925552
08921850	08925700
08921850	08925830
08921850	08926231
08921850	08926381
08921850	08926543
08921850	08926681
08921850	08926877
08921850	09175016
08927186	08928083
08927186	09173023
08927186	09263619
08928193	08928742
08928193	08928933
08929922	08932568
08929922	08934532
08929922	08934694
08929922	08935212
08929922	08936303
08929922	08936647
08929922	08936833
08929922	08937109
08929922	08937594
08929922	08937995
08929922	08939201
08929922	08940209
08929922	08941208
08929922	08941895
08929922	08943601
08929922	08944561
08929922	08944818
08929922	08945277
08929922	09194357
08929922	09331328
08929922	09353437
08929922	09357847
08929922	09401474
08929922	09408540
08929922	09408977
08929922	09421191
08929922	09425835
08932568	02805584
08932568	03692942
08932568	03890713
08932568	04496035
08932568	04496173
08932568	08933084
08932568	08933287
08932568	08933437
08932568	08933621
08932568	08933940
08945110	08936647
08945821	08946042
08946187	03634723
08946187	08946715
08946187	08946812
08947319	08947617
08947319	09371151
08947772	08948027
08948155	09030752
08948346	08948704
08949093	08949737
08949093	08950035
08949093	08950230
08949093	08950407
08949093	08950649
08949093	08950787
08949093	08951077
08949093	08951278
08949093	08951385
08949093	08951957
08949093	09305479
08949093	09309666
08949093	09309820
08949093	09353437
08952190	08952423
08952190	09263087
08952628	08953029
08953151	08953324
08954611	08955082
08954611	08955626
08955082	08955397
08955082	09481285
08955626	08956461
08955626	08956574
08956760	09350524
08957381	08957993
08957381	08958212
08957381	08958334
08959254	08959495
08959683	08960363
08959683	09170788
08960987	08961402
08961970	08962187
08962610	08962951
08962610	08963244
08962610	09332394
08963369	08964099
08963369	08964647
08964099	08964288
08964099	08964474
08964810	08715390
08964810	08964647
08964810	09036452
08965598	08966085
08965598	09371151
08967329	08967484
08968677	08968879
08968879	08969123
08968879	09169801
08969291	08969798
08969291	08969948
08969291	08970064
08969291	08970189
08969291	08970318
08969291	08970445
08969291	08970611
08969291	08970833
08969291	09210346
08969291	09321694
08971025	08971404
08971025	09332394
08971025	09339512
08971025	09483129
08971914	08972521
08973330	09371151
08973776	08974604
08973776	08974818
08973776	09371151
08975106	08975435
08975617	08515126
08975617	09323824
08975617	09365288
08975902	08902894
08975902	08975617
08975902	08976799
08975902	08976913
08975902	08977211
08975902	08977428
08975902	08977527
08975902	08977665
08975902	09173417
08975902	09304164
08975902	09325530
08975902	09384223
08975902	09459114
08978343	08711655
08978343	09384921
08978343	09430416
08979054	09195372
08979054	09196611
08981244	08982037
08982587	08775784
08982587	08983105
08982587	08983274
08982587	08983413
08982587	08983556
08982587	08983742
08982587	08984010
08982587	08984122
08982587	08984223
08982587	08984332
08982587	08984457
08982587	09236423
08982587	09376979
08984567	09023118
08984567	09023321
08984788	08986066
08984788	08986374
08984788	08986526
08984788	09166304
08984788	09453566
08986691	08986905
08986905	08987262
08987423	08987879
08987423	08988068
08987423	08988216
08987423	08988333
08991182	08991491
08991182	08991878
08991491	08991752
08992648	08993037
08992648	08993144
08993288	08994090
08993288	08994339
08993288	08994540
08993288	08994834
08993288	08995242
08993288	08995515
08993288	09171376
08993288	09173023
08994090	03606719
08995515	08994090
08995515	08994339
08999154	08762495
08999154	08777544
08999154	08778061
08999154	08998560
08999482	08971693
08999482	09000462
08999482	09001007
08999482	09001373
08999482	09001580
08999482	09170294
08999482	09339512
09003284	09006205
09003284	09007723
09003284	09237404
09005712	09005273
09005712	09425159
09006413	08779830
09006413	09004068
09006413	09004992
09006413	09005273
09006413	09005712
09006413	09007471
09006413	09008454
09006413	09008723
09006413	09009372
09006413	09009490
09006413	09010085
09006413	09196103
09006413	09268236
09006413	09458587
09006413	09467185
09011151	09011518
09011151	09011679
09011151	09011820
09011151	09011922
09011151	09268236
09012297	09012530
09012297	09012735
09013074	09012898
09013074	09013353
09013830	09014066
09013830	09014273
09013830	09014470
09014586	09014850
09014979	09015460
09014979	09016099
09014979	09016232
09014979	09016860
09014979	09017005
09014979	09236423
09014979	09268236
09017526	08083083
09017526	09018030
09017526	09203217
09018848	09019355
09019726	09020299
09020440	09020792
09020440	09384223
09020961	09021313
09020961	09251832
09020961	09384223
09021503	09021812
09021503	09170475
09022265	09022538
09022265	09022667
09022265	09170633
09022831	08735705
09023321	08493261
09023321	09024467
09023321	09024972
09023321	09025189
09023321	09025451
09023321	09025584
09023321	09025728
09023321	09026360
09023321	09026780
09023321	09026911
09023321	09027089
09023321	09027292
09023321	09027460
09023321	09027679
09023321	09027853
09023321	09028062
09023321	09028204
09023321	09028477
09023321	09166304
09023321	09233284
09023321	09401474
09023321	09435065
09023321	09453566
09029457	09030096
09029457	09030382
09029457	09030467
09029457	09030596
09029457	09170788
09029457	09171674
09029457	09371360
09030752	09451864
09031653	08801546
09031653	08945277
09031653	09032191
09031653	09032321
09031653	09032483
09031653	09032604
09031653	09032843
09031653	09032981
09031653	09033117
09031653	09186064
09031653	09194357
09031653	09331328
09031653	09349192
09031653	09408977
09031653	09477567
09033333	09033936
09033333	09034286
09033333	09034402
09033333	09038990
09033333	09173023
09033333	09274739
09033333	09458791
09034550	09035305
09034550	09035951
09034550	09036098
09034550	09332394
09036452	09036880
09036452	09350524
09037394	09038272
09037394	09038439
09037394	09210346
09038990	09039260
09038990	09719430
09039411	08916111
09039411	09038990
09039411	09040475
09039411	09040601
09039411	09040839
09039411	09041371
09039411	09041785
09039411	09042213
09039411	09042322
09039411	09203217
09039411	09274739
09039411	09458791
09041785	03475118
09041785	09041199
09043052	09043411
09043052	09330913
09043052	09371360
09044862	08563180
09044862	08564307
09044862	08564739
09044862	08655464
09044862	08682819
09044862	09048460
09044862	09048880
09044862	09049303
09044862	09050730
09044862	09051726
09044862	09052652
09044862	09053019
09044862	09053185
09044862	09057311
09044862	09059274
09044862	09060768
09044862	09067277
09044862	09068444
09044862	09069862
09044862	09070487
09044862	09071690
09044862	09075842
09044862	09078231
09044862	09081213
09044862	09082540
09044862	09084750
09044862	09086173
09044862	09087599
09044862	09089139
09044862	09090559
09044862	09090825
09044862	09093608
09044862	09095023
09044862	09099526
09044862	09102016
09044862	09103943
09044862	09108164
09044862	09109444
09044862	09110422
09044862	09111366
09044862	09112282
09044862	09114696
09044862	09117351
09044862	09126305
09044862	09129442
09044862	09130076
09044862	09131654
09044862	09133010
09044862	09134386
09044862	09137032
09044862	09137869
09044862	09138935
09044862	09140148
09044862	09141526
09044862	09147046
09044862	09147964
09044862	09148970
09044862	09152944
09044862	09155306
09044862	09157163
09044862	09159003
09044862	09252273
09044862	09292751
09044862	09356080
09044862	09370168
09044862	09370552
09044862	09371816
09044862	09377315
09044862	09410724
09044862	09420030
09044862	09464335
09044862	09482715
09044862	09482916
09048880	08565006
09048880	09068444
09048880	09092497
09048880	09095023
09048880	09111366
09048880	09137032
09048880	09147964
09049303	09069862
09049303	09093608
09049303	09117351
09049303	09134386
09049599	09053185
09049599	09071690
09049599	09090825
09049599	09103943
09049599	09141526
09050244	09049909
09050730	09049599
09050730	09051235
09050730	09051898
09050730	09052835
09050730	09075842
09050730	09090825
09050730	09093608
09050730	09103943
09050730	09126305
09050730	09137869
09050730	09140148
09050730	09148970
09051235	09053185
09051235	09075842
09051235	09137869
09052835	09126305
09052835	09137869
09053019	09129442
09053019	09138935
09053185	09053801
09053185	09053947
09053185	09054350
09053185	09054480
09053185	09255921
09053185	09356639
09053185	09356781
09053185	09453887
09053185	09459557
09055015	02694776
09055015	08835675
09055015	09055906
09055015	09192280
09055015	09265274
09055015	09306642
09055015	09313241
09055015	09349425
09055015	09350922
09055015	09445088
09057311	03439491
09057311	03634189
09057311	03634469
09057311	09058071
09057311	09058219
09057311	09058735
09057311	09058841
09057311	09168707
09057311	09170996
09057311	09249418
09057311	09250165
09057311	09288946
09059274	09206375
09059274	09380817
09059274	09382362
09059274	09419281
09059274	09478355
09060768	09062015
09060768	09062320
09060768	09062585
09060768	09062791
09060768	09062961
09060768	09063259
09060768	09063477
09060768	09063673
09060768	09064264
09060768	09064468
09060768	09064594
09060768	09064861
09060768	09064966
09060768	09065191
09060768	09065328
09060768	09065557
09060768	09066017
09060768	09066534
09060768	09066799
09060768	09166756
09060768	09166902
09060768	09169303
09060768	09170996
09060768	09243209
09060768	09268927
09060768	09289913
09060768	09326467
09060768	09358096
09060768	09421604
09060768	09422294
09060768	09422964
09060768	09431569
09060768	09434845
09063673	09066948
09067277	09067878
09067277	09068107
09067277	09068320
09067277	09206375
09067277	09249418
09067277	09250165
09067277	09373716
09067277	09391996
09067277	09407632
09067277	09423379
09067277	09441725
09068444	09068921
09068444	09069190
09068444	09069415
09068444	09069752
09068444	09306031
09068444	09343422
09068444	09453288
09069862	09264116
09069862	09264425
09070487	09070793
09070793	02956500
09070793	03670456
09070793	04555101
09070793	04580777
09070793	09071349
09070793	09071571
09071690	08604487
09071690	09072810
09071690	09073258
09071690	09073697
09071690	09073938
09071690	09074140
09071690	09074431
09071690	09074834
09071690	09075007
09071690	09075170
09071690	09075329
09071690	09200649
09071690	09221723
09071690	09231361
09071690	09234104
09071690	09277279
09071690	09326139
09071690	09377861
09071690	09378014
09071690	09419783
09071690	09454265
09075842	09076675
09075842	09076982
09075842	09077111
09075842	09077556
09075842	09077821
09075842	09242514
09075842	09255921
09075842	09281545
09075842	09378014
09076675	08124649
09078231	09078654
09079153	09078231
09079153	09079505
09079153	09080554
09079505	09078654
09080554	09078784
09080554	09080782
09081213	08610305
09081213	09438554
09082540	09083390
09082540	09083659
09082540	09084075
09082540	09084196
09082540	09084483
09082540	09341145
09084750	09085209
09084750	09085334
09084750	09085441
09084750	09086070
09084750	09473808
09086173	09086635
09086173	09086793
09086173	09087450
09086173	09340935
09087599	03020927
09087599	09088396
09087599	09088989
09087599	09206375
09087599	09323470
09087599	09368479
09087599	09407632
09089139	09089782
09089139	09089923
09089139	09261138
09089139	09455640
09090825	09091398
09090825	09091909
09090825	09092352
09090825	09380817
09090825	09405949
09092497	09093472
09092497	09419536
09093608	09094217
09093608	09094381
09093608	09094581
09093608	09243405
09093608	09398217
09093608	09452017
09095023	09095751
09095023	09096664
09095023	09097707
09095023	09097871
09095023	09098721
09095023	09099264
09095023	09219078
09095023	09242037
09095023	09306031
09095023	09351647
09095751	03009477
09095751	09096089
09099526	09100080
09099526	09100223
09099526	09100394
09099526	09100690
09099526	09100837
09099526	09100982
09099526	09101318
09099526	09332976
09102016	09102517
09102016	09102883
09102016	09103217
09102016	09103377
09102016	09340935
09102016	09352108
09103943	09459557
09105821	09106770
09105821	09107098
09105821	09107626
09105821	09108055
09105821	09419281
09105821	09478355
09108164	08610305
09108164	09108728
09108164	09220046
09108164	09340203
09108164	09340644
09108164	09482131
09109444	08502797
09109444	09109882
09109444	09110229
09109444	09373716
09109444	09407632
09109444	09441725
09110422	03534890
09110422	03634189
09110422	09110784
09110422	09110939
09110422	09111168
09110422	09168592
09110422	09243209
09110422	09249418
09111366	03163081
09111366	09111955
09111366	09351647
09112282	09112857
09112282	09113022
09112282	09113207
09112282	09113333
09112282	09113479
09112282	09113762
09112282	09114020
09112282	09114128
09112282	09114262
09112282	09264425
09114696	09168707
09114696	09228619
09114696	09231890
09114696	09244972
09114696	09250165
09114696	09288946
09114696	09295576
09114696	09341465
09114696	09388121
09114696	09418484
09114696	09478047
09117351	03109350
09117351	09114401
09117351	09117118
09117351	09118313
09117351	09118505
09117351	09118639
09117351	09118817
09117351	09119277
09117351	09123809
09117351	09124039
09117351	09124589
09117351	09125016
09117351	09125203
09117351	09125354
09117351	09125528
09117351	09125629
09117351	09187923
09117351	09192973
09117351	09238425
09117351	09264116
09117351	09306840
09117351	09330604
09117351	09370773
09117351	09452017
09119277	03073832
09119277	04604009
09119277	09120594
09119277	09122968
09119277	09370383
09124039	09124399
09124039	09343422
09126305	08605261
09126305	09127014
09126305	09127461
09126305	09127844
09126305	09128201
09126305	09128372
09126305	09128947
09126305	09129062
09126305	09129324
09126305	09224325
09126305	09388318
09129442	09129926
09129442	09320985
09129442	09340644
09130076	09130452
09130076	09130883
09130076	09131001
09130076	09131205
09130076	09131428
09130076	09131553
09130076	09473808
09131654	09132778
09131654	09206375
09131654	09231890
09131654	09244972
09131654	09341465
09131654	09368479
09131654	09405949
09133010	08564739
09133010	09133500
09133010	09133895
09133010	09326467
09133010	09438554
09134386	04512476
09134386	09134999
09134386	09135447
09134386	09135993
09134386	09136182
09134386	09136582
09134386	09192708
09134386	09192973
09134386	09224325
09134386	09357580
09134386	09452017
09137032	02907985
09137032	09137451
09137032	09137682
09137032	09365730
09137869	09138538
09138935	08502797
09138935	09139380
09138935	09139508
09138935	09139849
09138935	09222880
09138935	09320985
09138935	09340644
09138935	09417668
09140148	09140569
09140148	09141119
09140148	09246660
09140148	09261138
09140148	09455640
09141526	03020927
09141526	08602650
09141526	09142674
09141526	09142771
09141526	09142887
09141526	09143017
09141526	09143205
09141526	09143321
09141526	09143649
09141526	09143786
09141526	09144117
09141526	09144323
09141526	09144730
09141526	09144851
09141526	09145083
09141526	09145217
09141526	09145851
09141526	09146111
09141526	09146813
09141526	09146912
09141526	09168707
09141526	09228619
09141526	09231890
09141526	09286318
09141526	09295576
09141526	09341465
09141526	09388121
09141526	09405949
09147046	03634469
09147046	09147618
09147046	09147737
09147046	09249418
09147046	09250165
09147046	09294066
09147964	09294413
09147964	09330604
09147964	09453288
09148970	09150047
09148970	09150448
09148970	09150662
09148970	09150863
09148970	09151114
09148970	09151216
09148970	09151411
09148970	09151516
09148970	09151800
09148970	09151963
09148970	09152570
09148970	09192708
09148970	09243405
09148970	09246660
09148970	09301249
09148970	09321180
09148970	09398217
09148970	09405515
09148970	09432549
09152944	08564739
09152944	09153570
09152944	09153710
09152944	09154178
09152944	09154607
09152944	09154731
09152944	09177385
09152944	09187407
09152944	09250678
09152944	09313241
09152944	09400667
09152944	09405169
09152944	09425344
09152944	09438554
09155306	09155692
09155306	09155986
09155306	09156241
09155306	09156666
09155306	09156889
09155306	09157021
09155306	09192708
09155306	09357580
09155306	09398217
09157163	09157766
09157163	09158024
09157163	09158268
09157163	09158501
09159003	08610305
09159003	09139993
09159003	09159546
09159003	09220046
09159003	09222880
09159003	09294066
09159003	09340203
09159003	09340644
09159003	09373716
09159003	09438554
09159003	09456860
09159003	09482131
09160295	09410558
09160775	09160968
09161090	09161452
09161803	09162414
09161803	09162581
09161803	09379938
09163192	09163844
09163192	09164095
09163192	09164241
09163192	09164417
09164561	09164903
09164561	09165146
09164561	09165294
09165613	09471638
09167101	09167505
09167101	09167652
09167101	09471638
09167101	09483129
09167767	09168020
09167767	09171674
09167767	09172111
09167767	09172751
09167767	09173023
09170996	09169303
09178310	08858713
09188609	08782627
09188609	08790748
09189411	08503238
09189411	08504375
09189411	08597323
09189411	08698379
09189411	08699426
09189411	08699654
09189411	08716219
09189411	08718577
09189411	08720037
09189411	08734044
09189411	08734385
09189411	08736517
09189411	08759420
09189411	08759986
09189411	08762495
09189411	08763500
09189411	08778061
09189411	08800258
09189411	08815046
09189411	08852389
09189411	08897065
09189411	08928193
09189411	08945529
09189411	08945821
09189411	08946187
09189411	08947319
09189411	08947772
09189411	08958830
09189411	08959254
09189411	08959683
09189411	08962187
09189411	08962610
09189411	08965598
09189411	08966820
09189411	08971025
09189411	08973330
09189411	08973776
09189411	08996871
09189411	08998560
09189411	08999154
09189411	08999482
09189411	09029242
09189411	09029457
09189411	09031233
09189411	09034550
09189411	09038597
09189411	09043052
09189411	09165613
09189411	09167101
09189411	09172480
09189411	09178141
09189411	09178310
09192280	09349425
09194357	09268592
09194357	09349192
09194357	09357847
09194357	09464652
09194357	09477567
09195615	09440400
09196611	09272927
09196611	09341673
09196611	09377657
09196611	09463721
09198106	08494782
09198106	08541454
09198106	08567072
09198106	08628414
09198106	08678253
09198106	08682188
09198106	09188094
09201301	08493493
09201301	09192708
09201301	09224325
09201301	09238425
09201301	09293917
09201301	09294413
09201301	09453288
09204977	08764561
09204977	08819397
09207288	08700255
09207288	08701942
09207288	08703454
09207288	08715110
09207288	08723006
09207288	08724545
09207288	08798382
09207288	08800258
09207288	08847694
09207288	08848731
09207288	08852209
09207288	08900535
09207288	08906374
09207288	08906952
09207288	08910668
09207288	08913434
09207288	08921850
09207288	08927186
09207288	08929243
09207288	08954611
09207288	08955082
09207288	08955626
09207288	08957381
09207288	08964810
09207288	08968390
09207288	08968677
09207288	08968879
09207288	08975106
09207288	08975902
09207288	08978821
09207288	08986905
09207288	09019726
09207288	09020440
09207288	09020961
09207288	09021503
09207288	09022265
09207288	09033333
09207288	09038597
09207288	09044190
09207288	09164561
09207288	09194710
09209263	08710678
09209263	08717730
09209263	08747054
09209263	08819397
09209263	08858248
09209263	08952628
09209263	08953151
09209263	08992648
09209263	09198574
09209263	09210236
09209263	09221723
09209263	09243405
09209263	09264425
09209263	09273447
09209263	09298698
09209263	09343422
09209263	09374036
09211266	08831004
09211266	09168336
09211266	09211735
09211266	09235244
09211266	09235469
09211266	09292545
09235469	09235244
09236423	09460888
09237076	09177385
09237076	09187407
09237076	09405169
09238425	09125984
09248477	09237076
09248477	09306642
09251407	09375223
09254614	09449949
09270894	08499057
09270894	08583095
09270894	09307902
09270894	09334396
09270894	09339810
09270894	09436708
09273447	08887013
09273447	09479238
09275016	09002814
09275016	09003284
09275016	09006413
09275016	09007723
09275016	09177647
09275016	09207288
09275016	09275473
09275473	08696931
09275473	08697827
09275473	08713772
09275473	08714132
09275473	08757264
09275473	08757569
09275473	08759013
09275473	08760510
09275473	08766988
09275473	08779504
09275473	08780881
09275473	08800258
09275473	08801678
09275473	08845555
09275473	08849753
09275473	08871007
09275473	08887841
09275473	08888676
09275473	08890097
09275473	08929922
09275473	08949093
09275473	08951777
09275473	08952190
09275473	08953324
09275473	08957212
09275473	08960548
09275473	08960987
09275473	08967868
09275473	08968390
09275473	08984567
09275473	08984788
09275473	08992181
09275473	09007471
09275473	09011151
09275473	09012101
09275473	09012297
09275473	09013074
09275473	09014586
09275473	09014979
09275473	09023118
09275473	09023321
09275473	09028841
09275473	09031653
09275473	09038597
09275473	09166534
09278537	08569591
09292189	09219858
09292545	09211735
09297423	08780510
09298698	09286318
09298698	09296695
09298698	09297729
09298698	09356781
09298698	09454265
09300674	09401834
09303647	09197945
09303647	09241047
09303647	09266453
09303647	09277010
09303647	09290626
09303647	09322930
09303647	09323221
09303647	09338712
09303647	09346284
09303647	09365128
09303647	09365288
09303647	09375693
09304164	09325530
09304164	09459114
09307902	09225146
09307902	09376198
09307902	09426788
09311259	08961970
09311259	08967329
09323824	09287289
09323824	09322701
09323824	09403581
09327881	09364249
09327881	09465135
09328904	09313716
09339810	09260010
09339810	09451517
09340024	09340452
09345932	09456614
09350045	08756735
09350045	08784333
09350045	08784905
09350045	08810999
09350045	09188609
09354984	08501565
09359803	09360122
09359803	09361517
09366317	09437454
09370383	09114401
09370552	09370773
09370773	09195796
09370773	09232165
09372504	08702805
09372504	08735564
09372504	08735705
09372504	08820121
09372504	09044862
09372504	09248477
09372504	09416570
09382990	08835675
09382990	08835875
09382990	08836329
09382990	08838556
09382990	08841956
09382990	08844279
09382990	08920381
09382990	08926877
09382990	08971914
09382990	08977948
09382990	08980300
09382990	09066948
09382990	09198574
09382990	09380446
09382990	09383793
09382990	09400667
09382990	09441107
09382990	09481958
09384921	09430416
09384921	09467765
09390424	08848421
09392162	09028841
09392162	09321694
09403734	09348460
09403734	09386842
09411430	09274500
09416570	09391996
09416570	09423379
09416570	09429934
09416570	09478047
09426788	09215664
09426788	09296121
09428293	09283866
09433442	09217230
09434845	09268927
09436708	09247410
09438554	09464335
09439433	09314603
09440400	08711974
09440400	08720481
09440400	08732116
09440400	08776687
09440400	08852843
09440400	08853741
09440400	08948155
09440400	08978343
09440400	08979054
09440400	09160295
09440400	09161803
09441107	08730354
09441107	08730550
09441107	08997310
09445088	09342729
09448361	09283623
09448361	09349648
09448361	09354511
09451517	09225146
09451517	09379111
09458587	09396275
09465459	09385911
09466280	09239740
09466280	09277686
09472597	09472413
09481958	09226209
09483129	09471638
09503877	09504915
09538915	02151625
09605289	05219561
09619168	05219923
09622049	05219297
09624168	05219724
10787470	05220126
11439031	11429968
11451442	05056490
11451442	11421401
11451442	11473954
11451442	11482312
11462526	08524572
11484975	11484861
11485367	11485582
11500968	11499817
11508382	11509066
11608250	11683331
11609684	07774842
11611758	07774842
11612018	11612235
11620673	11683105
11665372	11669335
11669335	11675096
11669335	11676500
11669335	11677743
11669335	11690893
11669335	11692265
11674332	13154841
11676500	11677259
11683989	11684264
11691046	11690455
11692265	11691046
11692265	11691523
11693981	07760859
11694664	07761309
11694866	07761461
11695085	07761611
11695599	07762114
11704093	07816296
11704791	07814203
11707229	07816052
11709205	07826930
11747468	11748002
11748501	07737745
11748501	11748811
11765859	11766046
11766189	11766432
11771924	07746910
11780148	11780018
11780930	11781176
11786539	07736813
11786539	11786843
11800020	11800236
11828577	07733712
11828577	07733847
11828973	07733847
11832480	07719839
11832671	07720277
11835568	07736692
11849271	11849467
11868814	07713395
11872973	11873182
11873396	11873845
11873396	11874081
11875691	07713895
11877473	07735803
11877646	07736256
11877860	07736087
11890507	07733005
11940006	11940478
11951052	07709701
11953038	07730855
11953038	11953610
11953339	07731587
11953339	07731767
11959632	07718747
11986511	07723559
11986900	07723753
12013035	07735294
12021499	07817599
12024445	07733217
12024445	12024690
12027222	07735179
12027222	12027538
12088909	12089178
12143676	07731952
12143676	11678010
12143676	13133613
12145919	07804771
12158148	12162181
12158443	07735510
12158798	07715561
12159055	07715721
12160490	07717070
12162425	12162758
12164363	07755707
12164656	07755929
12164881	07756096
12165170	07756641
12165384	07718472
12166424	12167075
12171966	07733394
12171966	12172364
12178129	12178358
12192877	12193205
12192877	12193334
12197359	12197601
12205694	07707451
12227658	12227909
12235765	07743723
12247664	07743544
12248574	07743224
12249542	07744057
12263738	07772413
12263987	07772413
12288823	07772788
12301180	07767344
12321395	07774295
12321873	07774295
12339526	12339831
12356023	07814925
12356395	07821919
12370174	07766530
12371439	07763629
12372233	12372520
12373100	07762244
12378963	07762534
12384375	07754279
12397431	03497182
12400720	07754684
12401684	13137225
12433178	07723177
12433178	12433429
12435152	07817024
12441183	07719213
12488454	11689197
12493208	12493426
12501202	07764630
12507379	07774032
12510774	07726230
12515711	07726095
12532168	07729485
12532168	12532564
12550408	12550788
12556307	07724943
12556793	07726796
12557995	07728804
12558425	07729225
12560016	12560282
12561309	07726386
12561309	12561594
12564083	07725158
12574470	07818133
12576029	07801892
12576029	12576323
12578626	07726672
12578626	12578916
12583855	07774182
12585137	12585373
12587803	07772935
12592544	12592839
12593122	12593341
12594324	12594533
12601494	07803310
12604228	07736371
12604845	07736527
12623524	07745661
12625003	07758407
12628986	07769584
12629666	07763792
12633994	07739125
12637485	07820036
12638218	07751451
12638753	07752109
12639168	07765728
12641413	07757132
12644057	12644283
12645174	07750586
12648045	07751004
12651611	07767847
12654659	07744811
12655351	07745197
12656685	07745466
12662772	07929351
12663804	12664710
12665271	07821260
12669803	12670013
12694486	07746334
12699301	07745803
12705978	12706240
12707781	07747055
12708293	07747607
12708654	07748753
12709103	07750146
12709349	07750449
12709901	07747951
12710693	07748912
12710917	07747811
12711182	07748574
12711596	07749582
12711984	07749731
12712320	07750299
12713063	07749446
12717644	07773700
12736603	07769306
12736603	07769465
12736999	12737251
12743352	07766409
12744387	07766173
12744850	07763290
12745564	07769886
12765846	07765612
12771390	07746186
12771597	07746186
12774127	12774641
12774641	07764315
12775919	07764486
12853287	07818995
12854600	07818689
12874783	07827410
12894438	07711799
12896000	07713074
12897493	07710616
12900462	07720442
12900987	07721456
12902021	07722052
12905817	07734017
12911440	07734555
12926689	12927013
12929783	07932841
12931542	07828041
12933403	07730406
12933403	07828156
12933616	07730708
12934479	07827554
12936469	07817315
12936469	07817465
12936713	12936826
12939479	07817871
12943049	07826653
13024012	11532816
13083586	05511286
13104059	13111504
13104059	13165815
13108841	11682842
13121544	13154586
13125117	13162297
13129165	13154190
13141564	13141797
13143285	07765999
13144794	07758680
13145444	07759816
13149506	07815588
13150178	13150378
13152742	08373244
13163250	13162297
13165815	13162297
13219422	11682842
13221529	11682842
13258362	13285176
13262913	13264794
13354985	13408980
13357178	13384557
13369857	13343526
13376012	03707766
13412721	13279262
13448334	00042541
13455487	13477462
13489037	13486671
13505467	13530989
13512725	13504497
13512725	13504739
13512725	13542474
13512725	13554121
13514314	13430495
13514314	13443787
13514314	13505467
13516597	13504497
13516597	13504739
13538314	00276342
13538314	13460568
13538314	13491060
13538314	13496517
13550318	13532886
13577934	13717155
13594585	13610162
13607405	13607187
13611207	13611567
13618849	13618629
13619920	13622209
13621190	13621011
13621418	13621190
13622209	13622035
13622591	13622209
13622769	13622209
13623054	13622591
13623636	13623455
13623856	13623636
13624026	13623856
13624190	13624026
13624705	13624509
13624873	13624705
13625063	13624873
13628056	13627516
13628246	13627681
13628419	13627810
13628761	13628056
13628955	13628246
13629132	13628419
13629309	13628592
13629482	13628761
13629676	13628955
13629854	13629132
13630036	13629309
13630213	13629482
13630387	13629676
13630545	13629854
13630707	13630036
13630864	13630213
13631037	13630387
13631194	13630545
13631355	13630707
13631512	13630864
13631845	13631194
13632007	13631355
13632164	13631512
13636989	13636648
13649791	13712428
13650045	13649791
13650447	13650045
13650921	13650447
13651072	13650921
13651218	13651072
13651218	13651804
13651218	13651931
13652066	13651218
13652994	13650447
13657849	13657691
13658027	13657849
13658278	13658027
13658496	13658278
13658657	13658496
13658828	13658657
13658998	13658828
13659162	13658998
13659604	13659419
13659760	13659604
13659943	13659760
13660178	13650447
13661273	13664521
13662190	13665965
13686660	13694367
13712428	13712592
13720600	13720096
13720852	13720096
13720852	13720600
13721003	13623054
13721177	13720852
13721387	13721003
13721529	13721177
13722340	13722060
13722522	13722340
13723061	13722929
13723304	13723061
13723470	13723304
13723712	13718451
13723712	13723577
13724350	13723712
13724474	13724350
13724977	13724582
13725108	13724977
13725271	13725108
13725457	13725271
13725588	13725457
13726562	13726296
13727209	13726947
13727478	13727333
13729428	13730189
13779032	13600822
13808708	13809207
13850674	11431617
13850674	11432387
13850674	11432508
13850674	11432632
13850674	11432758
13850674	11432887
13850674	11433013
13850674	11462526
13872592	13902482
13873502	13874384
13886724	13913849
14042423	14041256
14046202	13449156
14046202	14048134
14046202	14048441
14048441	00370458
14048441	13471517
14048441	14049098
14070360	14299637
14070360	14301785
14082303	14370391
14086143	14083200
14092247	05525391
14094350	14005137
14118423	14019840
14124423	14334511
14129999	14371913
14133985	14184067
14145095	14359174
14149963	14207809
14171682	14336539
14181713	13079567
14181713	14358335
14276360	14184067
14336317	14327266
14386130	07536437
14399116	14545045
14471507	14091254
14582220	09476717
14619225	09272085
14622893	14619225
14682133	09240621
14682133	14619225
14682133	14621446
14692026	14910581
14830364	05436752
14830364	14964129
14832193	14964129
15121406	15253139
15121406	15254028
15121406	15259284
15121406	15259812
15124183	15124361
15124361	15124545
15124361	15125097
15124545	15124864
15126175	15126361
15126175	15126595
15126175	15126750
15126931	15127307
15126931	15127982
15127307	15127507
15127307	15127729
15128711	15128997
15128711	15129220
15136723	15230482
15136723	15291801
15140405	15142167
15140405	15144371
15140405	15145171
15141213	15205532
15145586	15146545
15147097	15145782
15147097	15146260
15147097	15146828
15147850	15146004
15152817	15152062
15152817	15153472
15153787	15150013
15153787	15150493
15153787	15150870
15153787	15151255
15155220	15164957
15155220	15165490
15155220	15167027
15155220	15227846
15162210	15161631
15164957	15165289
15165289	15169136
15166462	15169248
15166462	15169421
15167027	15167906
15169873	15157041
15169873	15163005
15169873	15170504
15170504	15163797
15170786	15171008
15171857	15269128
15171857	15297069
15171857	15298011
15173064	15183802
15174218	15209706
15174218	15210486
15174218	15210870
15174218	15211189
15174218	15211484
15174218	15211806
15174218	15212167
15174218	15212455
15174218	15212739
15174218	15213115
15174218	15213406
15174218	15213774
15175202	15175640
15177866	15214068
15177866	15214419
15177866	15214840
15178841	15217308
15178841	15217443
15178841	15217563
15178841	15217674
15178841	15217787
15178841	15217911
15178841	15218037
15178841	15218149
15178841	15218272
15178841	15218551
15178841	15218798
15179415	15219351
15181718	15242029
15181718	15242719
15196537	15196746
15201505	15206296
15201505	15236475
15203229	15299225
15203565	15225249
15203565	15225797
15203565	15225929
15203565	15226046
15204983	15203791
15205532	15204983
15206296	15207556
15209413	15136147
15210045	15182189
15210045	15182402
15210045	15194506
15210045	15196537
15210486	15186871
15210486	15187077
15210486	15187250
15210486	15187451
15210486	15187619
15210870	15186147
15210870	15223574
15211806	15222012
15211806	15222369
15212167	15190084
15212167	15200314
15212739	15186412
15212739	15190520
15212739	15213008
15212739	15223750
15212739	15300051
15213115	15190895
15213406	15158816
15213406	15195059
15213406	15200896
15213406	15201116
15213774	15196186
15213774	15196537
15214419	15161872
15215068	15199033
15226214	15226732
15227846	15228162
15227846	15228267
15227846	15234764
15231964	15232406
15231964	15233239
15231964	15233411
15232406	15232712
15232406	15232899
15232406	15233047
15234764	15235126
15235126	15236338
15236859	15185996
15236859	15223750
15237044	15223574
15237250	15222012
15237250	15237567
15242719	15242209
15242719	15242432
15242719	15242599
15243730	15248020
15248020	15247518
15254550	15231415
15254550	15231765
15254550	15231964
15254550	15255195
15255804	15256022
15255804	15256245
15256915	15255641
15256915	15255804
15256915	15257416
15256915	15257553
15256915	15257692
15256915	15257829
15256915	15258281
15256915	15258450
15256915	15258694
15279596	15279104
15279957	15279596
15287830	15290132
