00006484	06037666
00011982	00612160
00017222	06066555
00021997	00671351
00025728	06084469
00037457	06060845
00040325	09470550
00043411	06095022
00055142	06037666
00055539	06037666
00055539	08441203
00055793	08199025
00055871	00017222
00056688	08199025
00056912	08199025
00057162	08199025
00057306	08199025
00057748	08199025
00059728	00445802
00071864	00471613
00073177	06000644
00073525	06000644
00073584	00671351
00075912	00469651
00075912	00471613
00080304	00612160
00080456	00612160
00081072	00612160
00081367	00612160
00081509	00612160
00081725	00612160
00082563	00612160
00082714	00612160
00082929	00612160
00083124	00612160
00083334	06063588
00083523	00612160
00083809	00612160
00084107	00612160
00084230	00612160
00084562	00612160
00084738	00612160
00085046	00612160
00085907	00612160
00086077	00612160
00086297	08441203
00086320	00612160
00086835	00612160
00087290	00612160
00087663	08441203
00087849	06534659
00089154	00916464
00093127	01094725
00094500	08083599
00104976	00476389
00105820	00523513
00106272	00471613
00108181	00471613
00111129	06163751
00113663	00017222
00114291	00243918
00114615	00243918
00120943	00469651
00122106	08441203
00123430	08199025
00126584	00471613
00126721	00471613
00127286	00471613
00128477	00471613
00128638	00471613
00128867	00471613
00128976	00471613
00129089	00471613
00129743	00471613
00130093	00471613
00130347	00471613
00131090	00471613
00132219	00471613
00134136	00017222
00134737	06084469
00134780	00445802
00135578	06431740
00136800	06084469
00136876	00470966
00136984	00468480
00137279	00468480
00137279	00478262
00137877	00468480
00139544	00469651
00139729	00243918
00139758	00469651
00139908	00243918
00140264	00471613
00143589	08199025
00144728	08199025
00145024	00471613
00145024	00487874
00145929	03082979
00148763	06084469
00160288	00015388
00160288	00314469
00161888	06018465
00164579	06128570
00164801	00523513
00166172	00455599
00167278	00503237
00168217	00523513
00169955	06090869
00170156	06090869
00171127	06174404
00171882	06951067
00176327	06063588
00176459	06063588
00176618	06063588
00176756	06037666
00176874	00671351
00177578	00671351
00177783	06043075
00180837	06084469
00181005	00671351
00184907	06084469
00185103	06084469
00189257	00469651
00193406	06080522
00194696	06084469
00197423	00015388
00198118	08441203
00204943	06148148
00209174	06084469
00209598	06084469
00210940	07020895
00212049	00243918
00213223	00243918
00213353	00243918
00213544	00243918
00213794	00243918
00216561	00243918
00216801	06084469
00222135	00243918
00226107	06060845
00226379	06084469
00227595	00015388
00228858	06084469
00229026	06084469
00229280	06084469
00232863	08441203
00233795	08199025
00236999	00243918
00237259	00243918
00237869	06182144
00237877	06084469
00238542	06084469
00238720	06084469
00238867	06084469
00239024	00463543
00240293	00903559
00241245	00480993
00241507	00468480
00242146	00470966
00253395	00704305
00260881	01124794
00264875	06084469
00265094	06084469
00266197	06084469
00266391	06084469
00266586	06084469
00266798	06089447
00267041	06089447
00267519	06084469
00275572	06077413
00276342	06077413
00285856	00903559
00286333	03405725
00286360	00428270
00286360	00445802
00301856	00015388
00302130	00015388
00302464	00017222
00303297	02686568
00303297	08199025
00304851	08199025
00315383	00015388
00315383	00017222
00316827	04194289
00319534	06083243
00319886	00243918
00320246	00243918
00320284	00015388
00321652	00243918
00321936	00243918
00322151	00243918
00322719	00243918
00323532	06043075
00323856	00243918
00324071	00243918
00324231	00243918
00324560	00243918
00324806	00243918
00325328	00243918
00326619	00243918
00326773	00243918
00327031	00004475
00327145	00243918
00328370	00243918
00330909	06084469
00331531	08199025
00333037	06080522
00333203	06080522
00334174	14046202
00337210	04194289
00338736	00922327
00340662	00488225
00343600	06000644
00343600	06128570
00343894	00523513
00344421	00903559
00351334	00314469
00355252	00973077
00361192	13308999
00365513	06066555
00369802	06080522
00379440	00243918
00381850	06090869
00382010	06037666
00382493	06084469
00383093	06226057
00384329	06262567
00384510	06276697
00396325	00017222
00396513	06084469
00396703	06084469
00396880	06084469
00396880	06125698
00399074	06090869
00399368	06090869
00399788	06090869
00400101	06090869
00407458	06070503
00409211	01094725
00412048	00923444
00412048	01094725
00413432	06143546
00414179	06136258
00416409	06234825
00420477	05946687
00427786	05946687
00429642	00313806
00429763	06090869
00435778	00433802
00443984	06090869
00444309	06090869
00444975	00243918
00445169	06090869
00445467	06090869
00445711	06090869
00445940	06090869
00446514	06084469
00446695	06084469
00446885	06084469
00447158	06084469
00456199	00455599
00456357	06084469
00457382	00455599
00461402	08199025
00464687	00464894
00465461	06100778
00470386	01090446
00471277	00470966
00471437	00471613
00475183	06084469
00478647	00478262
00478647	00480993
00482180	05718935
00483656	05718935
00487554	06090869
00492095	06163751
00493517	06125698
00497219	06084469
00497391	06084469
00501534	06084469
00502757	00916464
00503715	06080522
00505151	00243918
00505349	06084469
00506040	06090869
00506377	06084469
00506952	06115701
00509206	03082979
00509377	06090869
00513251	06951067
00513597	06951067
00515791	08199025
00521970	08199025
00524083	06084469
00534152	00528667
00534480	00528667
00543233	00545501
00543233	07020895
00550545	06951067
00552253	06084469
00553407	06000644
00557419	00469651
00558008	00471613
00558008	00480993
00558181	00463543
00558630	00469651
00558883	00469651
00559329	00469651
00559555	00469651
00559724	00469651
00559916	00469651
00560293	00469651
00560529	00469651
00564177	00471613
00565302	00523513
00565809	00479887
00565809	00480508
00565809	00482298
00567044	00482298
00567418	00479887
00567418	00480508
00567418	00482298
00567685	00479887
00567685	00480508
00567685	00482298
00568430	00479887
00568430	00482298
00568813	00479887
00568813	00480508
00568813	00482298
00568879	06000644
00570003	06084469
00570205	06084469
00573268	00464894
00573530	00464894
00573671	00903559
00574218	06037666
00574341	06090869
00574514	06084469
00574735	00620554
00574996	06084469
00575169	06084469
00575561	06000644
00577170	06125698
00577330	06534659
00579201	08199025
00593669	05664069
00611143	08441203
00611433	00883297
00611972	06148148
00612160	06043075
00612841	06055946
00613973	06182144
00620554	00903559
00634286	06172789
00636441	05664069
00637259	06000644
00638194	06090869
00638723	06000644
00639478	06004067
00639693	06004067
00639998	06004067
00640385	06004067
00640828	06004067
00641252	06004067
00641672	06004067
00642098	06004067
00642644	06000644
00642803	06000644
00642980	06000644
00643197	06055946
00643910	06174404
00645771	00612160
00645939	00612160
00646332	06043075
00648764	06128570
00649033	06128570
00651935	06084469
00651935	06090869
00653811	00181781
00654258	01125693
00655378	06136258
00658913	00523513
00661091	06043075
00663160	07073447
00665630	06000644
00666886	05664069
00671351	06063588
00673095	06128307
00674562	06054700
00684273	05946687
00684507	05946687
00689673	13308999
00695448	06043075
00698004	06043075
00698004	15259284
00700162	08441203
00700421	00017222
00703310	06183899
00705580	06043075
00714718	00700652
00722479	00523513
00725775	00469651
00726100	00469651
00728826	05664069
00728826	06000644
00729781	06136258
00730708	08199025
00733883	08441203
00736219	08441203
00739632	08441203
00739850	08441203
00740048	08441203
00740290	06000644
00740609	08441203
00743692	06128570
00750345	08441203
00753922	00017222
00762043	06520944
00763132	00759694
00763282	00759694
00763630	00759694
00763787	00759694
00764031	00759694
00764258	00759694
00764436	00759694
00764588	00759694
00764891	00759694
00765081	00759694
00765193	00759694
00765343	08441203
00765488	08441203
00765791	08441203
00766234	06539178
00769695	06234825
00770997	00523513
00772026	08441203
00772813	08441203
00774107	08441203
00774506	06234825
00775702	08441203
00789448	06272290
00789934	06272290
00790135	06272290
00790308	06272290
00790509	06272290
00803208	00494768
00808162	08441203
00818170	08199025
00820721	06172789
00821295	08199025
00828336	06057539
00829918	08199025
00830448	06080522
00850425	06075527
00860434	01348530
00860434	12992868
00875671	08199025
00889026	06534659
00894359	08199025
00895135	08199025
00895501	08199025
00895680	08199025
00896348	08199025
00896526	08199025
00896688	08199025
00896832	06136258
00897026	06892775
00898127	00469651
00901083	06043075
00903309	06062407
00905399	08441203
00905677	08441203
00906037	08441203
00906367	08441203
00906735	08441203
00913705	06149484
00915722	00916464
00919608	06075527
00920510	06037666
00943187	06063588
00943600	14046202
00952963	08199025
00953559	08199025
00954086	08199025
00954311	08199025
00954751	08199025
00955060	08199025
00955565	08199025
00955806	08199025
00955987	08199025
00959992	08199025
00960562	06613686
00960734	06613686
00964343	08199025
00968155	08199025
00968479	08199025
00969506	06277280
00969769	06277280
00970645	08199025
00971309	08199025
00972621	08199025
00973056	06264176
00973077	08199025
00973530	06264176
00973728	06264176
00973888	06264176
00974031	06264176
00974444	08199025
00975781	08199025
00976085	00469651
00976270	00469651
00976698	08199025
00980394	00759694
00980904	08199025
00983982	08199025
00986275	00759694
00999270	00910203
00999588	07020895
00999815	00910203
01000214	00910203
01001857	08441203
01002740	06613686
01003049	06613686
01003249	00903559
01003588	00903559
01003741	06613686
01003885	00903559
01004775	06271778
01007222	06274921
01008546	08441203
01012125	08199025
01013856	06172789
01014821	08441203
01015244	08441203
01016316	08441203
01016626	08441203
01020117	06277280
01024643	06075527
01027662	15253139
01029671	05946687
01032451	06128570
01032840	06128570
01033714	01032368
01033714	08083599
01034077	08083599
01034685	08083599
01039307	08083599
01040128	08083599
01040390	08083599
01040390	08086356
01040646	05946687
01042242	08083599
01042242	08087570
01043189	08083599
01043333	08083599
01053404	06004685
01062739	06271778
01068012	08441203
01068380	00611143
01069125	05946687
01069311	06226057
01069638	08441203
01070708	01124794
01070892	06136258
01071155	06183899
01074252	06079620
01075117	08199025
01075164	00523513
01076370	00468480
01076953	00488225
01077190	08199025
01077329	00503237
01077568	00479076
01077881	08441203
01077887	00503237
01078235	00488225
01079396	00523513
01081852	00523513
01082454	00471613
01084466	00523513
01084588	00461782
01085237	00523513
01085337	00488225
01096245	01094725
01096860	00464894
01103159	06677302
01103693	00488225
01104509	00471613
01111375	02958343
01111458	00471613
01112979	00468480
01113134	00464894
01113264	00464894
01113473	00471613
01114475	00503237
01117484	00468480
01123415	00464894
01125693	06535222
01125693	08441203
01126335	08441203
01126856	08441203
01131515	08441203
01133106	08199025
01134037	06150633
01135952	01094725
01140654	00471613
01140658	06148148
01141160	01124794
01142324	05946687
01144873	00455599
01150164	00468480
01153861	06148148
01154175	00471613
01157850	08199025
01159461	01124794
01162376	08441203
01163620	00922327
01164081	00922327
01165919	08441203
01166517	00479887
01166517	00480508
01166517	00482298
01169589	00015388
01174251	01171644
01174555	02399000
01174645	01171644
01176079	08199025
01177703	06148148
01178415	06155567
01179167	01124794
01181475	08441203
01181902	08441203
01182654	08441203
01183031	08441203
01183166	08441203
01183373	08441203
01183497	08441203
01183638	08441203
01183798	08441203
01184407	08441203
01184814	08441203
01185292	08441203
01185611	08441203
01185981	08441203
01186192	08441203
01186578	08441203
01186810	08441203
01187810	08441203
01188273	08441203
01188537	08441203
01188783	08441203
01189001	08441203
01189282	06539178
01189650	08059412
01189650	08441203
01189929	08441203
01190364	08441203
01191158	08441203
01191610	08455829
01191975	08441203
01192150	08441203
01193886	08441203
01194021	08441203
01194125	08441203
01194225	08441203
01194331	08441203
01194904	08441203
01195380	08441203
01195584	08441203
01195867	08441203
01196316	08199025
01196316	08455271
01196759	08441203
01196759	13477023
01197258	08441203
01198307	08441203
01198588	08441203
01198750	08441203
01199035	08441203
01199365	08441203
01199697	08441203
01201271	08441203
01201429	08441203
01203074	01887474
01210352	00612160
01212225	06000644
01213702	05946687
01217306	08199025
01222666	00759694
01240188	00523513
01240979	08441203
01243089	06234825
01249294	00243918
01249315	08441203
01249616	08441203
01250474	00243918
01252124	08441203
01254692	00612160
01255057	00612160
01257701	08441203
01258251	08441203
01259034	08441203
01259380	00488225
01261773	00243918
01265740	00243918
01266945	02686568
01286038	03624966
01287388	06125698
01320314	06075527
01326291	00015388
01326291	00017222
01327322	06075527
01337653	00243918
01348530	06077648
01358023	00607775
01358191	00917211
01360899	00608896
01361561	00608896
01364184	00243918
01364357	00243918
01371756	00523513
01372408	00523513
01375204	00015388
01384687	00017222
01403785	00464894
01406356	00471613
01406512	00471613
01406684	00468480
01408297	00471613
01408760	00523513
01408958	00464894
01409177	00464894
01409523	00471613
01409642	00471613
01413173	00471613
01416364	00916464
01417451	06000644
01417868	00243918
01418179	00243918
01418389	00243918
01418959	00488225
01419160	00488225
01420304	00523513
01420451	00523513
01422539	06128570
01426077	06043075
01429322	01861778
01430447	00917211
01443871	00671351
01459542	06084469
01460108	06043075
01460408	00243918
01463519	06071426
01465054	06128570
01471043	00766234
01471547	00766234
01471825	00766234
01471954	08441203
01472251	00766234
01472303	01861778
01472417	00766234
01472939	01861778
01477806	06037666
01480770	00452293
01481027	00452293
01492052	00917211
01499692	00464894
01500873	00916464
01501184	00916464
01501347	00916464
01502262	06073494
01509280	00471613
01512921	00471613
01517175	00243918
01527877	08081668
01539633	06084469
01540232	06084469
01540449	06084469
01542252	06136258
01546349	06084469
01562627	02691156
01562627	02958343
01576478	00015388
01583142	06004685
01583344	06004685
01583656	06004685
01597662	00480993
01608122	00017222
01613921	00243918
01633173	06084469
01634887	06055946
01643297	00471613
01646941	00004258
01655639	00911048
01655763	00911048
01655902	00911048
01660857	08199025
01661243	00911048
01665185	00243918
01665332	00243918
01665507	00243918
01665638	00243918
01665836	00243918
01666002	00243918
01666131	00243918
01666717	05750657
01666894	05750657
01671039	00714944
01672490	00714944
01672753	00714944
01673891	00714944
01674544	00714944
01674717	00714944
01681048	00933420
01681723	00714944
01682039	00714944
01682234	00714944
01682761	00714944
01683271	00933420
01683422	00933420
01683758	00933420
01683957	00933420
01684180	00933420
01684337	00933420
01684663	00933420
01684899	00933420
01685601	06123363
01685960	00933420
01686132	00933420
01686956	00933420
01687401	00933420
01687569	00933420
01688256	00933420
01688771	00933420
01693727	00933420
01694620	03082979
01695567	00933420
01696435	00933420
01696893	00933420
01697027	00933420
01697628	00933420
01698271	00929718
01698916	07092592
01699172	00929718
01699346	00929718
01699539	00929718
01700655	00929718
01700934	00929718
01701152	00929718
01701311	00929718
01701634	00929718
01701858	07092592
01702154	07092592
01702514	07092592
01703195	07092592
01703613	07092592
01704452	00929718
01704752	00929718
01705257	00929718
01705494	07020895
01706129	07020895
01706488	07020895
01706756	07020895
01706889	00543233
01706889	05718935
01706889	07020895
01707128	05718556
01707306	05718556
01707737	05718556
01707925	05718556
01708113	05718556
01708542	00428270
01708676	00428270
01709781	07020538
01709931	00428270
01710048	00428270
01710048	07020538
01710190	00428270
01710317	06157326
01710481	06157326
01711445	06157326
01713348	06157326
01714208	06157326
01715525	00543233
01716619	06157326
01717628	06157326
01718185	06157326
01718535	06157326
01718952	06128570
01719302	06157326
01719921	07006119
01720491	07006119
01720660	07006119
01720773	07006119
01720980	07006119
01721169	07006119
01721415	07006119
01723224	06157326
01723690	06157326
01725051	07020895
01725886	00543233
01725886	07020895
01726172	07020895
01726879	07020895
01727052	00543233
01727490	00543233
01727684	00543233
01728052	00543233
01728355	00543233
01729431	00543233
01730216	00543233
01730384	00543233
01730799	00543233
01731031	00543233
01731353	07020895
01732172	06157326
01732532	00543233
01732713	00543233
01732921	00543233
01733667	00543233
01733829	00543233
01734300	00543233
01734300	05718935
01734929	06037666
01735556	06172789
01737417	06090869
01739814	00916464
01740320	00916464
01740608	00916464
01740969	00918383
01741221	00918383
01741446	00916464
01741692	00916464
01742244	00916464
01742415	00916464
01742556	00916464
01742726	00916464
01747717	06128570
01749790	00933420
01750421	00933420
01750668	00933420
01751021	00714944
01751173	07006119
01751389	07006119
01751545	00428270
01751545	07020538
01751836	00918383
01752025	00714944
01752728	06066555
01754576	00929718
01755389	00428270
01756719	00929718
01757994	06084469
01778990	05946687
01801080	08441203
01815471	00704305
01835276	06128570
01840092	00300441
01840238	00300441
01841947	06096913
01844859	00300441
01862776	00300441
01863158	00298497
01863410	00298497
01920932	00523513
01922895	00523513
01923058	00523513
01926031	00523513
01927447	00523513
01927992	00815801
01928154	00815801
01928390	00523513
01928608	06084469
01928608	06090869
01930117	00298497
01930482	00298497
01930738	00298497
01930874	00298497
01932586	00300441
01932834	00314469
01934427	00298497
01936753	00523513
01937222	00523513
01937795	00523513
01938288	00523513
01938426	00523513
01939174	00523513
01939811	00523513
01940034	00523513
01940248	00523513
01941093	00300441
01941093	02686568
01941704	00300441
01941838	00300441
01942137	00300441
01942234	00300441
01942347	00300441
01942959	00300441
01944692	00815801
01944976	00815801
01945381	00815801
01945516	00815801
01946138	00815801
01946408	00815801
01946408	02858304
01947352	00523513
01947352	02858304
01947543	00523513
01947735	00523513
01947887	00523513
01948077	00523513
01949435	00815801
01949966	00815801
01950502	00815801
01956708	00298497
01957529	00299217
01958452	00299217
01958615	00299217
01958615	00450335
01958868	00450335
01958898	00015388
01959022	00299217
01959022	00450335
01959111	00015388
01959482	00299217
01959482	00450335
01959927	00299217
01960105	00299217
01960105	00450335
01960296	00299217
01960296	00450335
01960779	00450335
01961691	00441824
01961974	00441824
01962865	00441824
01963130	00523513
01963655	00300441
01963795	00523513
01965331	00523513
01967205	00523513
01967634	00300441
01967923	00300441
01970125	00300441
01970348	06095022
01970646	06095022
01974916	06677302
01975387	00433802
01980766	00300441
01981036	00300441
01987781	06084469
02018265	00300441
02026785	06084469
02026785	06125698
02030764	08199025
02031622	08199025
02103925	06090869
02113430	00903559
02113622	00903559
02113850	00903559
02114056	00903559
02114433	00903559
02133297	06095022
02136271	06094774
02137806	01861778
02142775	00933420
02144243	06183899
02151394	06043075
02166346	06066555
02191766	00243918
02192225	00243918
02192570	00243918
02192818	00243918
02193612	06100778
02194138	00243918
02196081	00243918
02196214	00243918
02207206	01090446
02208118	01090446
02208265	01090446
02221454	08441203
02226380	00610738
02226559	00607775
02241621	00766234
02241767	00766234
02241911	00766234
02242049	00766234
02242256	00766234
02243461	01090446
02243967	00933420
02243967	01090446
02244426	00766234
02244426	01090446
02244603	01090446
02244619	06066555
02244773	01090446
02244956	01090446
02245403	06066555
02245555	00766234
02245765	01090446
02245993	01090446
02246166	00766234
02246300	00766234
02246456	00488225
02247028	01090446
02247226	01090446
02247584	01090446
02248808	06128570
02249018	06128570
02252634	00015388
02256998	00766234
02258291	06000644
02258487	06004685
02260085	01090446
02260362	01090446
02260770	01090446
02260959	01090446
02261123	00766234
02261256	01090446
02261464	01090446
02265560	05662532
02272373	01099436
02277138	00766234
02277303	00766234
02277448	00766234
02277663	00766234
02277897	00766234
02278061	00766234
02278470	00766234
02284096	00766234
02284544	01099436
02284662	00766234
02284803	00766234
02287041	01090446
02291708	13333237
02293856	07020895
02298160	01090446
02298471	01090446
02298632	00092366
02298998	00092366
02299552	00092366
02299687	00092366
02299801	00092366
02299924	00092366
02300060	00488225
02300549	00490569
02301151	00490569
02310328	08441203
02323286	01090446
02325968	01090446
02326355	01090446
02326795	01090446
02329578	00917211
02329733	00917211
02330247	00610738
02330407	00610738
02330967	06282651
02331326	00610738
02332311	06157326
02332445	01101958
02333979	00610738
02334595	00610738
02335629	00610738
02337545	06157326
02337699	00607542
02337870	00610738
02341816	00607542
02345288	00766234
02345856	00766234
02345856	01090446
02346136	01090446
02346409	01090446
02347220	01090446
02352824	06123363
02352946	06123363
02353844	00610738
02354112	01101958
02354287	00607775
02355259	00766234
02361811	00610738
02361981	00610738
02366105	06677302
02376277	06376154
02377418	06282651
02392654	01094725
02397460	08274923
02413140	00923444
02418029	00523513
02437148	07020895
02447542	01090446
02451679	06037666
02451679	06084469
02459915	00917211
02465297	08441203
02466496	01125693
02474780	08081668
02483908	06083243
02493666	06254475
02494259	08441203
02513742	00694681
02520997	05999797
02525312	00523513
02551602	08081668
02612762	01032368
02615079	06083243
02625975	06083243
02631238	06083243
02636811	06083243
02637380	06083243
02641201	06066555
02642634	06083243
02643673	06083243
02646072	06057539
02647497	06057539
02652590	06066555
02653159	08199025
02655180	06057539
02660164	06115701
02661769	06100778
02671224	06128570
02672886	06084469
02678677	06066555
02685299	06037666
02685585	08199025
02687191	06037666
02693895	06057539
02698726	05946687
02700064	02958343
02701393	00933420
02701393	03405725
02705201	07006119
02713992	03515338
02728570	01090446
02728784	01090446
02730304	00933420
02732401	06000644
02732603	06000644
02733524	06123363
02734423	06123363
02738031	08199025
02739889	08199025
02740300	08199025
02743207	08199025
02743547	00933420
02745332	06004067
02749479	08199025
02755529	08199025
02758270	07979425
02763520	06084469
02764765	09239740
02766044	08199025
02769075	06128570
02770830	02958343
02771840	06128570
02772554	00480508
02782778	00471613
02789770	08441203
02794779	08199025
02795978	07020895
02798290	08199025
02799593	00471613
02799897	00471613
02802544	00480993
02802721	00480993
02811719	08199025
02818402	00006484
02822055	06078978
02829696	09411430
02839200	08199025
02845576	00314469
02846260	00502952
02846260	00503237
02864593	04194289
02867715	08199025
02871060	06084469
02873623	08199025
02875233	00922327
02906478	06037666
02909168	06000644
02911485	06128570
02911890	06851742
02916684	06128570
02921325	15253139
02922292	06144081
02926519	06244149
02935017	06128570
02937720	06066555
02944327	06054892
02944826	08199025
02949511	06115701
02950632	15259284
02952275	05946687
02952975	05946687
02953598	05946687
02955562	05946687
02980625	00503237
02981024	15253139
02992070	06163751
02992070	06174404
02995345	06128570
02998696	06951067
03000247	15259284
03011355	00502952
03018498	06037666
03022349	06066555
03028079	01032368
03035089	15253139
03042984	04530566
03044083	08441203
03047941	05946687
03049066	03316406
03049066	07006119
03054551	06043075
03058726	05801594
03060074	00017222
03061674	00449517
03073977	06123363
03076104	08199025
03076411	08199025
03082979	06128570
03084420	06128570
03085333	06128570
03092656	03082979
03093792	06099269
03094520	06174404
03100897	03316406
03105810	06123363
03108069	06128570
03109693	06123363
03117420	06128570
03120778	08441203
03131038	05801594
03132261	00476389
03139089	06047430
03142431	01032368
03150795	06128570
03156990	05841985
03172211	02691156
03175604	06047430
03209666	06128570
03238407	08199025
03239259	08199025
03239399	00922327
03241660	06123363
03243218	06128570
03273551	07020895
03284120	08199025
03290195	06123363
03294604	06128570
03296597	00314469
03297735	01094725
03314608	03082979
03324928	08199025
03333349	08199025
03335030	08199025
03344784	08199025
03344935	08199025
03353281	03405725
03362890	05801594
03374102	07222050
03402188	08199025
03413428	01094725
03420559	08199025
03425956	03956922
03430091	06043075
03446268	00464894
03446528	00464894
03446832	00464894
03451909	06371413
03462747	11449907
03464757	08199025
03470222	08199025
03472232	00433802
03473817	15259284
03473966	05946687
03478589	08199025
03493333	06128570
03493664	08199025
03504420	08199025
03511786	00464894
03528901	00471613
03541393	08199025
03550153	08199025
03566555	02691156
03578656	06128570
03591116	00314469
03606719	06234825
03646809	08199025
03648804	15253139
03651947	00314469
03669886	06099269
03705379	06090869
03706415	06128570
03716656	06236802
03716656	06240244
03724756	06234825
03730153	08199025
03740161	06043075
03751065	08199025
03751590	08441203
03762602	06234825
03762982	08199025
03763133	08199025
03763403	08199025
03763727	08199025
03763968	08199025
03764276	08199025
03769397	15259284
03772417	08199025
03778817	03082979
03784270	08083599
03788195	06234825
03792334	00471613
03797703	06988057
03812119	08199025
03813704	08199025
03820318	00467995
03820318	00478262
03820728	06099269
03827107	06128570
03834040	06090869
03845550	06043075
03846234	08199025
03853734	05801594
03860741	08199025
03870105	00449517
03880129	08083599
03884778	15253139
03907908	00463543
03916720	06128570
03919096	08199025
03930087	08199025
03952277	06128570
03962525	08199025
03966751	06043075
03967396	03082979
03970363	00464894
03981566	02858304
04004767	06128570
04031884	08199025
04033287	00503237
04050600	06128570
04055861	00314469
04058239	06128570
04062644	08199025
04062807	08199025
04066476	08199025
04071393	08199025
04071876	06128570
04097256	02958343
04099649	08199025
04103918	04468005
04109702	03405725
04110439	06128570
04117216	00314469
04121511	01171644
04151228	03082979
04159676	00314469
04175147	06128570
04182708	06123363
04188368	00314469
04196803	08061042
04209811	02958343
04220344	08199025
04243727	03082979
04247011	08199025
04250224	08199025
04262161	07020895
04269086	02958343
04307419	00314469
04313220	03791235
04318131	00463543
04318131	00467995
04325409	00314469
04336645	00449295
04376400	07020895
04389033	08199025
04391276	00428270
04394031	00646833
04404412	06277280
04405907	06277280
04407844	07979425
04417809	07006119
04439122	06054892
04444345	00464894
04445154	15253139
04460634	06432376
04461294	00314469
04464211	06128570
04471632	06099269
04474187	08199025
04487724	08199025
04497962	02958343
04537919	06128570
04539053	03082979
04550676	08199025
04552348	08199025
04552696	08199025
04565963	08199025
04566561	08199025
04567222	06118563
04579986	00502952
04588739	06128570
04604009	00759694
04621738	06136258
04621963	06136258
04625515	06060845
04627936	06951067
04677716	06136258
04677716	11094611
04678401	08441203
04680752	06083243
04680893	14046202
04696432	06060845
04698656	06123363
04744645	06037666
04750547	06037666
04801313	05946687
04828925	00015388
04916200	06951067
04917439	06090869
04932278	06128570
04932561	06128570
04932875	06128570
04950537	06156968
04959061	06043075
04978792	06083243
04982478	07092592
04986883	06172789
04987620	07020895
04990525	07020895
04993413	14589223
05010062	06090869
05025935	06084469
05034473	06084469
05034989	06037666
05039106	06084469
05064827	06000644
05065717	06000644
05081434	06053439
05081957	06236802
05082790	08199025
05089367	06090869
05092635	06115701
05126362	00903559
05126849	07020895
05166560	01326291
05176846	08441203
05179180	08441203
05179567	08441203
05182563	08441203
05187446	08441203
05190106	08441203
05200816	06128570
05203649	08199025
05216365	00015388
05216365	02472293
05222591	06057539
05222940	06057539
05223370	06057539
05228732	06057539
05230357	06063588
05236152	06057539
05244239	06060845
05246215	06063588
05246511	06057539
05264545	06057539
05279026	01471682
05300507	05657718
05300675	06054700
05300926	05654362
05303020	06053439
05303402	06057539
05318606	06057539
05325378	06054700
05431926	00004475
05431926	06075527
05436752	06075527
05436752	06078088
05437785	06075527
05443651	06075527
05473104	06057539
05493303	06057539
05515287	01471682
05516848	06057539
05517837	06060845
05519820	14046202
05551318	00015388
05551318	02472293
05582859	06063588
05586446	01471682
05586759	01905661
05595083	06057539
05603650	06060845
05604535	06080522
05604535	15253139
05604535	15259284
05607001	06057539
05607126	06057539
05607402	06057539
05611062	06057539
05613170	00704305
05613625	00704305
05613794	00704305
05617467	08199025
05621439	01094725
05629381	05946687
05629682	06226057
05631449	06182144
05652926	06080522
05658826	00015388
05663671	01124794
05664640	00883297
05664640	00923444
05666700	06128570
05667951	06151693
05669181	06234825
05674584	06136258
05675715	06136258
05675715	11094611
05701363	06136258
05708818	06136258
05713101	06139491
05717747	05822612
05718935	07020895
05728493	03082979
05729036	06018465
05731568	06136258
05753564	00883297
05754197	06136258
05754519	00704305
05756414	06136258
05781347	08441203
05783041	06000644
05783357	06013584
05786184	05946687
05793210	08441203
05795957	08441203
05799761	03082979
05799952	03082979
05802547	06000644
05802730	06000644
05830527	08441203
05841151	06123363
05844282	06101551
05844663	06101551
05846932	06000644
05861855	06000644
05862721	06000644
05866199	06090869
05866822	00912822
05871792	00704305
05876469	06084469
05876469	06090869
05876912	06084469
05878229	06090869
05879441	06095022
05881867	06090869
05882793	06090869
05884433	06075527
05891232	06101551
05903229	08441203
05904135	08441203
05904313	08163273
05908882	06148148
05909585	06043075
05909730	00883297
05913994	06234825
05921868	06162653
05931152	06000644
05938014	00704305
05954100	06232880
05954366	06232880
05956651	08441203
05957238	08441203
05957428	08441203
05966129	06182144
05968971	06158346
05969194	06158346
05970012	06158346
05970012	06364641
05970311	06158346
05970755	06158346
05971086	06158346
05971621	06158346
05972585	06158346
05973198	06158346
05974564	06158346
05974798	06158346
05976257	06158346
05983217	06158346
05987650	08083599
05990089	06090869
05992274	06080522
05994935	06149484
06000644	05999797
06004067	06000644
06004685	06000644
06005518	06000644
06005692	06000644
06006777	06000644
06008382	06000644
06012513	06000644
06012726	06000644
06013298	06000644
06013741	06000644
06014043	06000644
06014435	06000644
06020737	06018465
06021499	06018465
06021761	06018465
06022291	06018465
06022727	06018465
06023969	06018465
06024230	06018465
06026088	06018465
06026276	06018465
06026635	06018465
06027051	06018465
06027264	06018465
06028021	06018465
06028904	06018465
06030196	06018465
06032246	06018465
06034611	06018465
06052864	06078978
06088995	00004475
06088995	06084469
06102476	06084469
06104073	06090869
06105314	06090869
06106502	06090869
06109227	06037666
06128307	06271778
06128570	03082979
06135915	02472293
06141324	06102865
06141324	06136258
06142598	06037666
06147873	07978423
06148148	01124794
06150222	06149484
06153186	06037666
06161223	00933420
06162979	06128570
06172071	15259284
06172294	15259284
06174404	06172789
06176107	06172789
06176322	06172789
06177450	06172789
06183899	06182144
06196071	01124794
06224439	06226057
06248043	08199025
06248968	08199025
06249177	08199025
06249910	06172789
06250061	06159473
06250444	06172789
06250597	06159473
06260628	06277280
06262567	00933420
06262567	01094725
06278830	03082979
06279326	06128570
06281295	06099269
06290637	06172789
06293229	06962600
06300193	06172789
06309383	06174404
06310237	06174404
06312966	06174404
06314144	06174404
06331803	06172789
06334512	08441203
06335532	06128570
06340707	06950528
06340838	06950528
06341127	06950528
06341609	06987124
06348500	06170025
06355894	06128570
06356299	06128570
06356515	06128570
06356755	06128570
06379094	15253139
06385434	08083599
06392001	07020895
06392935	06520944
06397307	06170498
06399126	06170498
06403393	00614730
06406317	00903559
06406317	07020895
06417096	08083599
06417279	08083599
06424275	00759694
06427831	06364641
06430784	06239931
06431156	06236802
06431496	06236802
06435394	06449735
06448594	08083599
06457796	08083599
06462219	06232880
06464419	06236802
06464419	06969129
06466030	06969129
06466479	06236802
06466479	06240244
06469874	08441203
06478988	08199025
06480506	08441203
06481156	08441203
06486161	00471613
06486405	00471613
06493392	06128570
06493721	06128570
06494816	06142118
06496624	08199025
06500937	08441203
06501748	08441203
06501918	08441203
06503884	02691156
06503884	04194289
06505517	08441203
06507941	00464894
06509210	06128570
06510977	06128570
06512324	08441203
06514093	06155567
06525588	06431740
06526004	08441203
06530789	08441203
06531481	08441203
06531657	08441203
06532095	08441203
06532330	08441203
06533039	08441203
06533648	08441203
06534132	08441203
06535222	08441203
06535980	08441203
06536227	08441203
06536853	08441203
06539178	08441203
06539502	08441203
06539770	08441203
06540284	08441203
06540527	08441203
06540702	08441203
06540863	08441203
06541381	08441203
06542267	08441203
06542830	08441203
06543246	08441203
06543389	08441203
06543536	08441203
06543781	08441203
06544142	08441203
06544432	08441203
06544841	08441203
06545137	08441203
06545528	08441203
06545960	08441203
06546261	08441203
06546408	08441203
06546633	08441203
06547059	08441203
06548498	08441203
06551627	08441203
06551784	08441203
06552116	08441203
06552320	08441203
06552639	08441203
06552814	08441203
06552984	08441203
06554981	08441203
06556481	08441203
06556692	08441203
06557047	08441203
06558088	08441203
06558277	08441203
06558678	08441203
06559365	08441203
06560254	08441203
06561942	06539178
06562802	08441203
06562993	08441203
06563950	06539178
06563950	08441203
06564387	08441203
06566077	06128570
06568134	06128570
06568978	06128570
06573600	06128570
06574473	06128570
06574841	06128570
06575227	06128570
06575932	06128570
06581410	06128570
06584891	06128570
06586471	00928947
06588511	06128570
06590210	06677302
06599655	00704305
06609785	06951067
06628450	08083599
06628663	08083599
06631140	08083599
06632097	06520944
06633041	08199025
06636806	03082979
06637149	06128570
06637350	06128570
06642899	08199025
06644105	00759694
06647206	00903559
06647614	06000644
06647614	06163751
06653160	08319198
06653363	08441203
06665108	06128570
06665370	06128570
06667792	08441203
06684798	05946687
06689125	08441203
06690226	08199025
06720371	00733883
06727224	01124794
06727758	08441203
06728726	08441203
06728998	08441203
06729251	08441203
06731510	08441203
06731802	06000644
06732169	06000644
06733227	06163751
06733939	08441203
06734467	08441203
06736405	08441203
06736529	08441203
06737112	00490569
06737394	06520944
06741099	08441203
06749729	06118563
06750804	06163751
06753299	06163751
06753550	06163751
06755776	06000644
06765656	08095647
06765887	08441203
06769032	05946687
06771653	08441203
06774316	07148573
06789801	06236802
06790235	06226057
06790557	06226057
06790557	08083599
06790845	06226057
06791017	06226057
06791195	06226057
06797671	06043075
06804483	08199025
06804728	08199025
06804847	08199025
06804988	08199025
06805128	08199025
06805497	08199025
06814870	07020895
06816106	07020895
06822198	06282651
06826407	06128570
06827679	06128570
06856568	07020895
06856884	07020895
06857591	07020895
06857726	07020895
06884670	08199025
06898352	06128570
06900684	06128570
06969129	06236802
07001065	06099269
07007945	06376154
07029247	07020895
07029819	07020895
07033433	08083599
07036862	15253139
07039238	07020895
07046543	07020895
07046737	07020895
07047804	07020895
07066659	00933420
07066659	06282651
07066659	07020895
07086861	07064715
07093895	06170025
07094093	06170025
07094843	06170025
07098193	06170498
07102593	07006119
07109196	06282651
07111047	06177033
07111711	06172789
07150850	08441203
07168623	08199025
07169353	08199025
07171785	06431740
07171940	06431740
07180570	08441203
07194293	06148148
07194499	08441203
07194950	08441203
07195404	08441203
07206887	06163751
07207680	08441203
07209089	08441203
07209305	08441203
07217782	08199025
07225696	08199025
07225857	08199025
07226151	08199025
07226330	08199025
07236077	08441203
07240925	06148148
07259772	06172789
07261300	00471613
07269552	08199025
07269758	08199025
07269916	06128570
07281635	06234825
07293678	00445802
07297927	06136258
07299569	06128570
07300092	06128570
07300316	06128570
07302542	06090869
07311661	06095022
07312221	00017222
07322138	06095022
07322341	06095022
07322550	06184270
07327288	06183899
07330560	06234825
07339653	08199025
07339941	08199025
07340094	08199025
07340249	08199025
07340725	08199025
07343195	00455599
07345166	06090869
07345593	06090869
07346344	06090869
07350069	06115701
07356489	02686568
07356489	04194289
07358377	06453849
07360293	06084469
07361863	08199025
07366799	02686568
07374152	06075527
07375781	06115701
07404944	06115701
07409255	06098195
07415167	06095022
07416441	06090869
07420991	06099269
07421859	03082979
07425011	06075527
07426406	06075527
07454196	06232880
07464402	15253139
07465448	00523513
07471514	00447540
07478874	06128570
07482521	00704305
07489548	00704305
07535532	07092592
07560903	00015388
07577538	06951067
07610295	07978924
07640991	06232880
07664582	06234825
07681450	00243918
07681450	06232880
07686021	00243918
07686021	06232880
07781801	00243918
07823951	00243918
07836456	00243918
07940865	06037666
07954441	00488225
07955280	00933420
07964495	06148148
07964809	08441203
07966927	01094725
07970079	06951067
07977344	00928947
07977592	00928947
07986381	08199025
07990377	06070929
07999699	06000644
08000304	06000644
08001685	06000644
08010364	00759694
08010942	00759694
08011266	00759694
08011523	00759694
08012028	00759694
08012384	00759694
08012765	00759694
08013176	00759694
08013653	00759694
08013845	00759694
08014202	00759694
08014615	00759694
08014860	00759694
08015116	00759694
08015731	00759694
08016035	00759694
08016900	00759694
08017257	00759694
08017614	00759694
08017974	00759694
08018666	00759694
08018983	00759694
08019281	00759694
08019523	00759694
08019913	00759694
08020242	00759694
08020785	00759694
08021129	00759694
08021464	00759694
08021785	00759694
08022259	00759694
08022666	00759694
08022972	00759694
08024408	00759694
08024732	00759694
08025112	00759694
08025497	00759694
08025835	00759694
08026197	00759694
08026539	00759694
08026904	00759694
08027314	00759694
08027518	00759694
08027920	00759694
08028148	00759694
08028397	00759694
08028623	00759694
08028999	00759694
08029421	00759694
08029784	00759694
08029908	00759694
08030481	00759694
08030711	00759694
08031020	00759694
08031663	00759694
08032023	00759694
08032955	00759694
08033194	00759694
08033454	00759694
08033829	00759694
08034028	00759694
08034299	00759694
08034579	00759694
08034778	00759694
08035233	00759694
08035601	00759694
08036005	00759694
08036293	00759694
08036849	00759694
08037118	00759694
08037503	00759694
08037861	00759694
08038131	00759694
08038748	00759694
08038995	00759694
08039312	00759694
08039601	00759694
08040008	00759694
08040257	00759694
08040522	00759694
08040762	00759694
08041106	00759694
08041484	00759694
08042183	00759694
08042536	00759694
08042856	00759694
08043169	00759694
08043499	00759694
08043848	00759694
08044265	00759694
08044676	00759694
08045140	00759694
08045428	00759694
08045681	00759694
08046032	00759694
08046346	00759694
08046759	00759694
08047032	00759694
08048300	00759694
08050678	01124794
08057816	01094725
08061042	01094725
08065234	00923444
08081403	00523513
08085648	08083599
08085824	08083599
08087981	01032368
08088963	01032368
08095160	08441203
08098346	05977340
08101085	06037666
08102555	06037666
08103299	06037666
08103457	06037666
08103777	06037666
08106934	06037666
08107499	06037666
08108627	06037666
08108784	06037666
08108972	06037666
08109624	06037666
08109772	06037666
08110373	06037666
08110648	06037666
08111157	06037666
08111419	06037666
08111783	06148148
08114581	01312096
08125420	00759694
08128159	08199025
08132637	00883297
08135342	06535222
08135342	08441203
08135770	08441203
08136260	08441203
08190292	08199025
08190609	08199025
08190754	08199025
08191230	08199025
08191532	08199025
08191701	08199025
08192361	08199025
08192817	08199025
08195797	08199025
08196024	08199025
08197742	08199025
08198137	08199025
08198398	08199025
08206460	08199025
08206663	00759694
08207095	08199025
08211290	08199025
08211475	08199025
08211760	00759694
08214272	08199025
08214470	08199025
08216647	08199025
08219493	08199025
08220891	06066555
08221348	06037666
08224684	06234825
08231499	00471613
08231678	00471613
08244346	00759694
08245549	00759694
08267640	06000644
08268321	06000644
08270662	06095022
08271042	06095022
08272352	08199025
08272460	08199025
08279524	08199025
08279665	08199025
08279800	08199025
08287844	06144081
08292418	08753933
08306194	06236802
08306665	06236802
08311522	08975902
08321956	06975132
08330298	08441203
08331357	08199025
08331525	08199025
08334087	08199025
08334087	08441203
08334693	08199025
08334693	08441203
08335886	08441203
08340989	08199025
08356903	08441203
08358963	00759694
08373244	06066555
08389094	09718217
08389297	08199025
08389438	08199025
08389572	08199025
08389710	08199025
08389900	08199025
08390012	08199025
08390157	08199025
08390374	08199025
08390731	08199025
08391021	08199025
08391206	08199025
08391387	08199025
08392137	00759694
08394423	08199025
08394922	08199025
08395298	08199025
08395465	08199025
08395682	08199025
08396990	08199025
08397255	08199025
08397489	08199025
08397675	08199025
08397856	08199025
08398036	08199025
08398179	08199025
08404373	08199025
08404549	08199025
08404735	08199025
08404895	08199025
08405124	08199025
08405267	08199025
08407619	00933420
08408709	00455599
08408709	00973077
08408709	06148148
08414608	08441203
08415272	08441203
08415661	08199025
08424769	08199025
08426816	08199025
08426993	08199025
08427163	08199025
08427282	08199025
08427453	08199025
08429052	08199025
08432820	08199025
08433727	08199025
08436759	00017222
08453464	08441203
08453722	08441203
08454003	08441203
08454191	08441203
08454818	08199025
08454818	08441203
08455037	08441203
08455271	08199025
08455271	08441203
08479615	08199025
08481832	08199025
08482113	08199025
08482271	08199025
08482700	08199025
08486538	06453849
08495617	06095022
08506932	06453849
08507109	06371734
08507255	08199025
08511777	06057539
08520728	06095022
08522287	06090869
08551628	08199025
08555883	06128570
08559155	08441203
08560560	06144081
08569591	06115701
08571275	00468480
08572162	07006119
08589351	06118563
08590172	06118563
08590909	00480993
08594286	08199025
08594714	08199025
08595054	08199025
08622586	08199025
08632258	08199025
08644045	04194289
08647616	02691156
08647616	07006119
08648153	06004685
08648658	08199025
08656590	08191701
08657249	00004475
08685677	05778131
08688590	08199025
08690194	08199025
08795654	06449735
08795974	06449735
08860001	07092592
08994540	00759694
09123809	08199025
09180967	00704305
09185612	00704305
09186709	07979425
09208496	06095022
09225146	09328904
09225146	09376198
09225146	09411430
09240621	06084469
09241247	09411430
09247071	06098195
09248724	07979425
09251407	06095022
09257563	06090869
09267854	00464894
09272085	06090869
09278537	06115701
09287968	06115701
09338453	07979425
09353109	06095022
09375223	06095022
09381480	06095022
09385586	07979425
09394007	06095022
09401834	06090869
09426621	06066555
09433442	09376198
09433442	09411430
09444100	06095022
09449282	06098195
09449773	07979425
09469285	00015388
09469285	01326291
09476717	06090869
09490352	07979425
09493562	07979425
09495103	07979425
09498497	06371413
09498697	06371413
09506337	07978924
09510305	15253139
09510904	15253139
09531630	15253139
09533048	15253139
09539394	06431740
09540739	05985602
09543154	05985602
09543154	06232880
09543353	05946687
09543353	06234825
09544262	05985602
09544433	06234825
09544746	06234825
09544876	06234825
09545000	06234825
09546280	05985602
09546280	15259284
09546453	05985602
09546453	15259284
09548632	07978924
09551356	15253139
09552681	15253139
09557387	07979425
09559404	15253139
09572425	07979425
09572825	07979425
09573966	07983170
09578465	15253139
09581129	07983856
09582343	07983856
09585434	07978423
09585434	09689152
09586011	07978423
09590205	07222581
09590495	07978423
09590495	07983856
09593651	07979425
09593937	15253139
09609232	01094725
09612131	00181781
09612291	00181781
09616722	08199025
09629477	07006119
09692430	06236802
09752246	05778131
09752381	05778131
09752519	05778131
09752657	05778131
09752795	05778131
09752927	05778131
09753065	05778131
09753204	05778131
09753348	05778131
09753498	05778131
09753642	05778131
09753792	05778131
09762101	08441203
09770179	08199025
09775663	08441203
09780395	08199025
09781171	00759694
09799607	08083599
09802239	00933420
09804343	08087981
09809279	08199025
09809538	08199025
09813696	06148148
09815455	08441203
09818343	06095022
09823287	15253139
09830194	00468480
09834378	00468480
09835506	00471613
09837459	08199025
09840963	08441203
09841515	00471613
09843443	00471613
09855630	06037666
09857200	08083599
09857200	08086356
09857200	08087981
09873242	08199025
09876701	08083599
09876892	05946687
09885416	06232880
09886540	08199025
09892831	08199025
09893191	08199025
09894143	08083599
09897350	06043075
09899782	08199025
09901143	00471613
09901143	00475787
09904556	00480993
09905050	15253139
09905530	06951067
09913824	06084469
09916788	08441203
09917214	08199025
09917345	08199025
09920106	15253139
09921673	06951067
09921792	06226057
09929577	06043075
09930257	00471613
09931418	00545501
09931640	00523513
09936362	13308999
09937250	08199025
09938272	08199025
09939827	08199025
09941571	08199025
09941964	08199025
09942275	08199025
09942970	08199025
09943239	08199025
09943541	08199025
09944529	06277280
09945021	08199025
09957614	05946687
09996920	08083599
10000294	08199025
10006842	08199025
10008123	08199025
10022111	08083599
10024621	08083599
10026058	06043075
10028765	08199025
10034020	08199025
10055847	08199025
10064229	15259284
10067600	01124794
10067600	08059412
10069296	07020895
10069869	08199025
10074841	06136258
10086821	08199025
10087080	08199025
10087434	08199025
10087736	08441203
10092488	00471613
10094584	08199025
10095061	08199025
10123844	08199025
10125786	08199025
10133458	06951067
10155222	00759694
10166626	06234825
10175725	02691156
10177150	06155567
10199251	06234825
10205457	00471613
10205457	00475787
10208950	08199025
10212338	08083599
10213034	08441203
10225787	08199025
10225931	08199025
10226060	08441203
10227985	08441203
10237935	06951067
10239928	06951067
10240921	06951067
10248198	05946687
10249270	08441203
10249950	08441203
10253995	08441203
10259348	08199025
10259527	08199025
10259997	08199025
10260166	08199025
10260473	08199025
10265532	08441203
10282014	06234825
10283170	08199025
10283663	08199025
10294421	08199025
10296176	08199025
10301261	06000644
10304914	00464894
10310516	06951067
10314703	08199025
10316164	08199025
10316527	08199025
10316862	08199025
10317007	08199025
10329789	08083599
10336537	06148148
10337488	06148148
10339966	07020895
10341660	06037666
10346514	06066555
10346514	06083243
10347298	08199025
10347593	08199025
10348526	08199025
10360747	08199025
10365846	06951067
10366145	06053439
10366484	05946687
10368113	08083599
10369955	08199025
10386984	00471613
10386984	00475787
10387324	00471613
10388924	08441203
10394141	15259284
10402824	08441203
10403876	02691156
10403876	02858304
10403876	02924116
10403876	02958343
10403876	04468005
10410246	08199025
10413834	08083599
10423589	06158346
10428004	06090869
10433164	02686568
10434160	00471613
10434160	00475787
10435988	00471613
10435988	00475787
10437852	08441203
10443170	00973077
10452892	15253139
10457597	08083599
10458834	08083599
10472129	06053439
10472274	06053439
10474950	06539178
10479135	15253139
10481268	06128570
10484526	06652878
10486561	08199025
10496393	06951067
10497373	06053439
10498816	00468480
10501747	06053439
10502329	06987124
10514429	00523513
10523341	08199025
10539160	06364641
10550951	06371413
10550951	15259284
10551265	06371413
10551576	08199025
10551751	08199025
10556953	06951067
10557404	06951067
10557699	06951067
10562968	00523513
10568200	00471613
10568200	00475787
10574154	08199025
10578162	08083599
10580030	01032368
10580535	15259284
10581094	08163273
10582746	08199025
10584021	08441203
10595361	15253139
10596348	08087981
10602470	08083599
10602695	08083599
10603959	00015388
10608385	08199025
10610850	00759694
10623175	08441203
10641301	08199025
10641755	08199025
10644839	08199025
10648033	00015388
10649574	00471613
10652954	06018465
10663858	08199025
10667709	08199025
10695917	00928947
10702781	00759694
10706812	00933420
10706812	05999797
10708976	00471613
10708976	00475787
10728828	15253139
10729175	08441203
10732314	08441203
10743941	08441203
10750188	08087981
10750365	08088472
10750640	08083599
10759331	08199025
10768391	08199025
10772580	08199025
10782471	00467995
10782471	00468480
10782471	00470966
10782471	00478262
10786270	08441203
10786517	08441203
10803282	06951067
10805932	06245816
10815648	08083599
10818088	06453849
10819285	06226057
10820790	08083599
10827155	08083599
10828573	08083599
10837918	08083599
10840021	08083599
10856486	08083599
10868980	08083599
10938363	08083599
10978098	08083599
11013876	08083599
11015080	08083599
11071177	08083599
11073061	08083599
11078404	00759694
11078982	06453849
11083064	08083599
11084110	06966825
11085924	06453849
11086774	08083599
11087359	06453849
11094055	06453849
11121108	06226057
11144604	06453849
11164671	06453849
11202063	06449735
11225661	06453849
11409059	06084469
11412993	06148148
11413263	06090869
11414874	06090869
11415084	06095022
11416534	06075527
11417672	06115701
11418750	06037666
11431302	06081602
11441077	06098195
11444816	06037666
11452218	06090869
11453016	06090869
11455386	06431740
11455901	06070929
11456273	06070929
11458624	06090869
11460281	02958343
11460488	06118563
11473954	06090869
11486178	06080522
11492388	06037666
11492833	06084469
11496881	06089447
11506349	06090869
11513880	06149484
11515051	06090869
11515325	06090869
11516819	06090869
11523839	06037666
11524662	06118563
11529603	06066555
11552806	06066555
11552976	06066555
11553240	06066555
11677259	06066555
11691046	06066555
11691523	06066555
13061704	12992464
13095348	12992464
13125117	06066555
13154190	06066555
13155899	00017222
13155899	12992868
13161506	06066555
13245846	02958343
13245846	03405725
13250244	08059412
13254237	08441203
13260762	01098968
13262913	08441203
13263779	08441203
13264794	08441203
13266515	08199025
13272059	01124794
13273550	13308999
13277179	13308999
13286801	08441203
13289845	08163273
13290991	08441203
13291356	08441203
13291614	08441203
13291831	08441203
13299804	08059412
13304186	04323026
13304340	04323026
13305510	04323026
13323988	00883297
13328853	05662532
13341052	01124794
13341052	08059412
13341350	08441203
13343774	00494768
13343917	00494768
13350443	08441203
13350976	06539178
13355656	06149484
13356569	01094725
13366693	06150633
13367593	08199025
13400798	13308999
13403643	08441203
13411533	05662532
13423922	06084469
13424183	06090869
13425245	06037666
13433061	06172789
13433462	06066555
13433948	06037666
13435152	06084469
13446390	06084469
13447361	06084469
13449156	06071426
13449714	06066555
13450636	06055946
13451804	06149484
13452750	06118563
13452947	06055946
13455487	06128570
13458019	06037666
13458268	06084469
13459322	06055946
13461951	06055946
13465530	06090869
13467009	06055946
13467700	06084469
13469674	02691156
13469674	04194289
13472125	06084469
13475538	06115701
13476267	06070929
13477462	06128570
13479889	06043075
13483190	06066555
13484303	06128570
13486838	06115701
13489037	06037666
13495636	06055946
13496017	06084469
13496286	06071426
13498404	06043075
13501059	06055946
13501738	06037666
13503673	06055946
13503908	06128570
13504173	06128570
13508333	06172789
13509528	06079620
13512725	06075527
13514314	00004475
13517553	00004475
13521616	00017222
13523208	06090869
13523661	06080522
13524925	06128570
13528100	06037666
13528100	06084469
13529616	06055946
13541798	06055946
13543564	00704305
13546169	06055946
13546416	06055946
13547199	06084469
13548734	06037666
13548931	06055946
13549488	06080522
13549916	06075527
13550318	06037666
13552644	06115701
13554121	06075527
13554343	06136258
13558953	06125041
13559782	06037666
13561719	06080522
13562862	06070929
13575226	06043075
13587763	06090869
13587963	06090869
13589321	06018465
13590327	06090869
13590598	06098195
13597794	06809074
13607187	06128570
13607405	06128570
13614256	06100555
13711855	06118563
13729428	06000644
13731530	06000644
13740591	06962600
13743869	00490569
13762836	06951067
13783038	06163751
13783581	06000644
13783816	06000644
13784906	06000644
13784906	06090869
13785136	06000644
13786413	06000644
13790133	06000644
13798491	06000644
13798491	06163751
13798814	06000644
13798814	06163751
13802098	06969129
13802920	06172789
13812296	06037666
13813591	06143546
13838386	08441203
13839662	08441203
13843173	06000644
13861050	06000644
13870414	06000644
13872975	06004685
13878634	06004685
13889602	06004685
13889843	06095022
13892897	06090869
13895852	00015388
13903855	06000644
13904011	06000644
13905121	06057539
13913427	06000644
13924336	06070929
13945102	01124794
13952601	08441203
13963757	08441203
13963970	08441203
13964466	08441203
13964879	08441203
13967215	08095647
13973059	01124794
13975037	06051542
13979173	06148148
13981403	00973077
13984082	02686568
13988224	06236802
13988224	06240244
14004958	07020895
14008567	09470550
14012667	00933420
14012667	01094725
14014162	06083243
14026376	05970755
14031108	08199025
14047171	06053439
14060929	06047430
14062725	03808564
14064408	03808564
14067076	06060845
14083790	06055946
14096724	06054446
14110219	01326291
14186738	01328702
14213328	06043075
14224547	02472293
14234074	06060845
14237561	06043075
14299637	06043075
14301785	06043075
14313661	06060845
14313943	06060845
14353008	06063588
14353008	14046202
14373582	06136258
14374432	06055946
14375890	06136258
14376188	06136258
14376855	06136258
14390466	06055946
14431471	08199025
14431637	08199025
14444326	06149484
14444644	06149484
14444825	06149484
14471724	02472293
14471926	02472293
14479615	06084469
14480065	06089447
14496977	08199025
14521302	06118563
14527171	06043075
14531392	06060845
14542579	06149484
14544672	05289057
14553290	06054446
14553590	06054446
14570330	06084469
14582220	06098195
14586258	06084469
14598079	06090869
14619225	06084469
14619225	06090869
14621446	06084469
14622141	06084469
14659211	02691156
14682133	06084469
14682133	06090869
14706889	06079620
14723079	06037666
14723425	13516312
14723628	06084469
14724025	06084469
14744841	06066555
14768854	14670639
14785941	06084469
14818238	06084469
14830364	06079620
14871968	06084469
14899328	06046692
14917208	06084469
14919272	01328702
14964129	06079620
14979730	00017222
14987695	14589223
15025571	06079620
15037339	06051542
15037664	06051542
15052970	00640889
15068436	00017222
15117809	03316406
15122011	07020895
15134054	00933420
15134054	06364641
15139552	08199025
15139691	08199025
15145782	00704305
15146004	00704305
15146260	00704305
15146545	00704305
15146828	00704305
15156746	06095022
15161872	06232880
15171857	06128570
15173353	08199025
15177866	06232880
15181556	08083599
15182805	06232880
15192890	08083599
15193271	08083599
15193271	08087981
15195928	06232880
15197042	06232880
15197302	06232880
15197658	06232880
15223916	06974127
15227593	00314469
15229408	08083599
15231415	06144081
15231765	06144081
15231964	06144081
15233778	00523513
15255804	00471613
15256567	00482298
15256714	00523513
15256915	00455599
15258281	00463543
15258450	00468480
15258694	00476389
15263283	06453849
15264363	07020895
15269128	06128570
15278960	13489037
15285279	06271778
15286042	07020895
15294884	05946687
15297069	06128570
15298283	08083599
15299367	06226057
15299585	01090446
15300051	00759694
