00001740	00002325
00001740	00002573
00002573	00001740
00009631	01891817
00010435	01721556
00012267	02289295
00012267	02355596
00013615	00010435
00013615	01719302
00024047	00024279
00024279	00024047
00032539	00032778
00032778	00032539
00036178	00036362
00036362	00036178
00038849	00045639
00043683	00046534
00044149	00044797
00044149	00051761
00044797	00044149
00044797	00046534
00045639	00038849
00046534	00043683
00046534	00044797
00046534	00047945
00047945	00046534
00049900	00177243
00051761	00044149
00052845	01308681
00053159	00053341
00053341	00053159
00056930	00059019
00059019	00056930
00059019	00059376
00059376	00059019
00060185	00063095
00063095	00060185
00063724	00063557
00065370	00065639
00065639	00065370
00066191	00066685
00072012	00072586
00072012	00074038
00072586	00072012
00074038	00072012
00087736	00087988
00087988	00087736
00092690	00093163
00093163	00092690
00094460	00545557
00096766	00097179
00097179	00096766
00098083	00024047
00098517	00098770
00098770	00098517
00099721	00100551
00100044	00833702
00100551	00099721
00107739	00107943
00107943	00107739
00107943	00108303
00108303	00107943
00114837	00115157
00115157	00114837
00122097	00581671
00125078	00435688
00125078	00435853
00125841	00146138
00134328	00134564
00136991	02730135
00146138	00125841
00146138	02626604
00153061	02073065
00154141	00487748
00161225	00550117
00162688	02405390
00167934	00384620
00169458	00550117
00171852	00253761
00171852	00411020
00171852	01627947
00177243	00049900
00181664	00195342
00188000	00188137
00188137	00188000
00190180	01465054
00195342	00181664
00195342	00195617
00201722	00243900
00205046	00205885
00205885	00205046
00212414	02734800
00226882	00252990
00229026	00229280
00229026	00475183
00229280	00229026
00231557	00245457
00235110	00317888
00235110	00318326
00238867	00239614
00239321	00238867
00239614	00238867
00243900	00201722
00245457	00231557
00251791	02737187
00252990	00226882
00253277	00252990
00253761	00171852
00258665	00434374
00265673	00265386
00266798	00267041
00267041	00266798
00273963	00274283
00274283	00273963
00276068	01755504
00286605	01531998
00301856	00302130
00302130	00301856
00309792	00309582
00311338	00313987
00313987	00311338
00315020	00315330
00315330	00315020
00315605	00316195
00316195	00315605
00317888	00235110
00318326	00235110
00320681	00321148
00321148	00320681
00328802	00329244
00329244	00328802
00332154	00332445
00332445	00332154
00332672	00334803
00334186	00334996
00334649	00335923
00334803	00332672
00334996	00334186
00335923	00334649
00336260	00336539
00336260	00336718
00336539	00336260
00338559	00355955
00339464	00342980
00342980	00252019
00342980	00339464
00342980	02624263
00345761	01070777
00347918	01834053
00348746	02609203
00351406	02542280
00355524	00355365
00355955	00338559
00357332	00357667
00358431	02109818
00359511	01569181
00360092	02081578
00360092	02229055
00364868	00365446
00364868	00366547
00365188	00365647
00365446	00364868
00365647	00365188
00366275	00366547
00366547	00364868
00366547	00366275
00374135	00445711
00377002	00378664
00378042	00378361
00378042	00378664
00378361	00378042
00378664	00377002
00378664	00378042
00384620	00167934
00399074	00399368
00402130	00545557
00407146	00605783
00411020	00171852
00414409	00414627
00414627	00414409
00417001	02672187
00429060	00429968
00429968	00429060
00431117	00431327
00431327	00431117
00432839	01985923
00434374	00258665
00434374	00358431
00435688	00125078
00435853	00125078
00443116	00443384
00443384	00443116
00444629	02060792
00445711	00374135
00447771	00447950
00447950	00447771
00456740	00456596
00457100	00457327
00457327	00457100
00458471	00458754
00458754	00458471
00461493	02190188
00468236	00468583
00468583	00468236
00470701	00471058
00471058	00470701
00475183	00229026
00476965	01278817
00486018	01640855
00487748	00154141
00495998	02428487
00499812	00500055
00500055	00499812
00506952	01308681
00508032	01588493
00517847	00518115
00518115	00517847
00522751	02210855
00540235	00540946
00540946	00540235
00542809	01364184
00542809	01679433
00545557	00094460
00545557	00402130
00545557	00925873
00545557	01627947
00550117	00161225
00550117	00169458
00557686	01270199
00557686	01535742
00561571	00561714
00561714	00561571
00565081	00565279
00565279	00565081
00566569	00566895
00566895	00566569
00570003	00570205
00570205	00570003
00571596	01995211
00572788	02280869
00574996	00575169
00575169	00574996
00575720	00575970
00575970	00575720
00578508	00970215
00583242	00583523
00583523	00583242
00583991	00584220
00584220	00583991
00591115	01635432
00591115	02129709
00594621	00595630
00595630	00594621
00597385	01224744
00598954	02128873
00601043	00601378
00601378	00601043
00602805	00603298
00602805	02387034
00603298	00171852
00603298	00602805
00603298	02387034
00605783	00407146
00613393	01848465
00613393	01989053
00619610	00620673
00619610	01657254
00620673	00619610
00621734	01790739
00623151	00690614
00624476	00627091
00625119	00626428
00626428	00625119
00627091	00624476
00637259	00638585
00638585	00637259
00640828	00949288
00645939	00646271
00646271	00645939
00651991	00921738
00652900	02729632
00654015	00654258
00654258	00654015
00661824	00662182
00662182	00661824
00662182	00662589
00662589	00662182
00662589	00663353
00662589	00920336
00662589	02520997
00663353	00662589
00668099	01794668
00669762	02109045
00669970	00786458
00669970	01112584
00681429	00682230
00682230	00681429
00683771	00693780
00686447	00719231
00690614	00623151
00691516	00971015
00693780	00683771
00698104	00698256
00698256	00698104
00709205	01317064
00711932	02437465
00713996	02658979
00715239	00971999
00719231	00686447
00719734	00720063
00720063	00719734
00721437	01637982
00722232	00722675
00722675	00722232
00726300	00726784
00726784	00726300
00729109	02455407
00732224	02343595
00739082	00739340
00739340	00739082
00748616	01069638
00752764	01063695
00753881	00792471
00756076	02627934
00758333	02275365
00765977	02406916
00767334	01808218
00781652	00783042
00783042	00781652
00783246	01428578
00783523	00975036
00784342	00784727
00784342	00897746
00786458	00669970
00792471	00753881
00795632	02498320
00796976	02237338
00796976	02502916
00799383	01994442
00802318	02255462
00805376	01035530
00812298	01066433
00813044	02166460
00814458	00865387
00820352	00820611
00820611	00820352
00820611	00820976
00820976	00820611
00821765	00821580
00833702	00100044
00838043	00838524
00838524	00838043
00865387	00814458
00870213	00870577
00870577	00870213
00874002	02359061
00874175	00901103
00879356	01076615
00887463	00888009
00887463	02343595
00888009	00887463
00890100	00890590
00890590	00890100
00891216	02672859
00897746	00784342
00901103	00874175
00907930	01042531
00908621	02684254
00912048	00913065
00913065	00738747
00913065	00912048
00918872	00920336
00918872	01637982
00920336	00662589
00920336	00918872
00921738	00651991
00925873	00402130
00931852	00932324
00932161	00931467
00932324	00931852
00933821	00935987
00935987	00933821
00937208	00952841
00941990	00943281
00943281	00941990
00949288	00640828
00951206	00951399
00951399	00951206
00952841	00937208
00959827	02728142
00967098	00967455
00967455	00967098
00968211	00969873
00969873	00968211
00970215	00578508
00971015	00691516
00971015	01028748
00971999	00715239
00975036	00783523
00975584	00912048
00976653	02589576
01002740	01003249
01003249	01002740
01007924	02752695
01018928	01019472
01019472	01018928
01023259	01023574
01023574	01023259
01026728	02676054
01028748	00971015
01030397	02402112
01033527	02514187
01033527	02629793
01035530	00805376
01060746	01069638
01061017	02079933
01061320	01449974
01062739	00789448
01063695	00752764
01066433	00812298
01067816	01731031
01069190	01069391
01069391	01069190
01069638	00748616
01069638	01060746
01070777	00345761
01071474	01071632
01071632	01071474
01072949	01079480
01076615	00879356
01079480	01072949
01079480	01079873
01079480	01080064
01079873	01079480
01079873	01149470
01080064	01079480
01080064	01149470
01080691	01079480
01082454	01439190
01084588	01084866
01088547	02420991
01101913	01104852
01104852	01101913
01110661	02505807
01112584	00669970
01113473	01140654
01115916	02702120
01118449	01119169
01119169	01118449
01123887	01137138
01123887	01209135
01129201	02687916
01134781	01137138
01137138	01123887
01137138	01134781
01137138	02484570
01138911	01156115
01140654	01113473
01143838	01144657
01143838	02092309
01144657	01143838
01149470	01079873
01149470	01080064
01152214	01152670
01152670	01152214
01153947	02344243
01155090	02018372
01155687	01156115
01156115	01138911
01156115	01155687
01157517	02267989
01158872	02561332
01162754	02116980
01166351	01168468
01168468	01166351
01168468	01179865
01169704	01186428
01171183	01172275
01172275	01171183
01176232	02261642
01176897	01177118
01177118	01176897
01179865	01168468
01180351	01181295
01181295	01180351
01185981	01186208
01186208	01185981
01186428	01169704
01203074	01740320
01204439	01576165
01205696	02710402
01207951	01332730
01209135	01123887
01209678	02127613
01210152	02127613
01210352	02127613
01212230	01359432
01212230	02686625
01218084	02556537
01220885	01356750
01220885	01614581
01224744	00597385
01232387	01365131
01233387	01313249
01235355	01741446
01236164	01410223
01240720	01870043
01255222	01255355
01255355	01255222
01270199	01535246
01270199	01536344
01275762	01551195
01278817	00476965
01282142	01540693
01292885	01293389
01302019	02450505
01302183	01302365
01302365	01302183
01308381	02405390
01308681	00052845
01308681	00506952
01313249	01233387
01313249	01360899
01313923	02286204
01315333	02326355
01317064	00709205
01322223	01321895
01323338	01323793
01323793	01323338
01323958	01325536
01325536	01323958
01325536	01325774
01325774	01325536
01332730	01207951
01332730	01336635
01336635	01332730
01345109	01346978
01346978	01345109
01350699	01349130
01350699	01350971
01350971	01350699
01351170	01995211
01353405	01354006
01354006	01353405
01356750	01220885
01359432	01212230
01360899	01313249
01364184	00542809
01364184	01679433
01365131	01232387
01368863	02054989
01369346	01369758
01369758	01369346
01377571	02029492
01388813	01389007
01389007	01388813
01393714	01393996
01393996	01393714
01406356	01406512
01406356	01406684
01406512	01406356
01406684	01406356
01407904	01509584
01412912	01416193
01416193	01412912
01416539	01675245
01424948	01609953
01425348	01424948
01426153	01426397
01426397	01426153
01428578	00783246
01430447	00060185
01430633	01430952
01430952	01430633
01432601	01601234
01433294	02077656
01436139	02085573
01439190	01082454
01448100	01609287
01448100	02103162
01449974	01061320
01451842	01941093
01465054	00190180
01465218	01465365
01465365	01465218
01468058	01468327
01468327	01468058
01469770	02384686
01478002	02145543
01480149	01480469
01480469	01480149
01481360	01482075
01482075	01481360
01483779	01484027
01484027	01483779
01496630	01496843
01496843	01496630
01500873	01501347
01501347	01500873
01505254	01506583
01506157	01509584
01506583	01505254
01509584	01407904
01509584	01506157
01516534	01646300
01516534	02505358
01517662	01518047
01518047	01517662
01524298	01612295
01525666	01526290
01525666	02444159
01526290	01525666
01531998	00286605
01532434	01533442
01532589	01533442
01532589	02741960
01533442	01532434
01533442	01532589
01535246	01270199
01535246	02742842
01535742	00557686
01536344	01270199
01540693	01282142
01541579	01542207
01542207	01541579
01542207	02069888
01543123	01543998
01543123	01984902
01546111	01546768
01546768	01546111
01547001	01985029
01547390	01547641
01547641	01547390
01551195	01275762
01551871	01684337
01556572	01558681
01558440	01563005
01558681	01556572
01560731	01560984
01560984	01560731
01562061	01562209
01562209	01562061
01563005	01558440
01576165	01204439
01576165	01576478
01576478	01576165
01582645	01643464
01582645	01690294
01583494	01583656
01585523	00086320
01588493	00508032
01592456	01592774
01592774	01592456
01601234	01432601
01602318	02673134
01609287	01448100
01609953	01424948
01610666	01610463
01611516	02071142
01612295	01524298
01614581	01220885
01621555	01640207
01627947	00171852
01627947	00545557
01629000	01629403
01629000	01647672
01629403	01629000
01629589	02525447
01635432	00591115
01635432	01636008
01637982	00721437
01637982	00918872
01637982	02154508
01640207	01621555
01640550	01753596
01640855	00486018
01643464	01582645
01646300	01516534
01646300	02505358
01646866	01629958
01647672	01629000
01649999	01767949
01649999	01771390
01654628	01685601
01657254	00619610
01659248	01668603
01660082	01660252
01660252	01660082
01664172	01755504
01668603	01659248
01672490	01672753
01672753	01672490
01675245	01416539
01675963	02749247
01679433	00542809
01679433	01364184
01684337	01551871
01685601	01654628
01690294	01582645
01698271	01744611
01708676	01894649
01710481	02385813
01716619	01719921
01716882	01719921
01719302	00013615
01719302	01719921
01719302	01722077
01719921	01716619
01719921	01716882
01719921	01719302
01719921	02744977
01721556	00010435
01722077	01719302
01724459	01725051
01725051	01724459
01725051	01726172
01726172	01725051
01726879	01880673
01730384	01731353
01731031	01067816
01731353	01730384
01732921	01733213
01733213	01732921
01738774	01738597
01740320	01203074
01741221	01751836
01744611	01698271
01751836	01741221
01753596	01640550
01755504	00276068
01755504	01664172
01765908	01767163
01766952	02380009
01767163	01765908
01767949	01649999
01767949	02108791
01771390	01649999
01787955	01788733
01788733	01787955
01790739	00621734
01794668	00668099
01808218	00767334
01817574	02116980
01834053	00347918
01835103	01834896
01835496	01850315
01838651	01904293
01840238	01941093
01842508	01949966
01845720	01846916
01846916	01845720
01847845	01940403
01847845	01941093
01848465	00613393
01849746	02053941
01850315	01835496
01853696	01915365
01854132	01995211
01854132	02311387
01854519	02360274
01855155	02753255
01863158	01863410
01863410	01863158
01864038	02242256
01866192	01866610
01866610	01866192
01869563	01870043
01870043	01240720
01870043	01869563
01871979	01872645
01872645	01871979
01872645	01872877
01872877	01872645
01874568	01904293
01874875	01902783
01875295	01876028
01876028	01875295
01876907	01877204
01877204	01876907
01879251	01879579
01879579	01879251
01880113	01880673
01880673	01726879
01880673	01880113
01880673	02174830
01881180	01925694
01881180	02102840
01882170	01904930
01882814	02102840
01891817	00009631
01894649	01708676
01904293	01838651
01904293	01874568
01904930	01882170
01904930	01906823
01904930	01912893
01906823	01904930
01907258	02089984
01909397	01909978
01912893	01904930
01914947	01926311
01915365	01853696
01925694	01881180
01926311	01914947
01926984	02099829
01930117	01930482
01930482	01930117
01930482	01930874
01930482	02056971
01930874	01930482
01930874	02408281
01930874	02742232
01940403	01847845
01941093	01451842
01941093	01840238
01941093	01847845
01944252	01944466
01944466	01944252
01949966	01842508
01955984	02102398
01955984	02742232
01957529	02102398
01967373	01977080
01972298	02756821
01976841	01977701
01977080	01967373
01977701	01976841
01977701	01985923
01982395	02394183
01984119	01984317
01984317	01984119
01984902	01543123
01985029	01547001
01985923	00432839
01985923	01977701
01986869	01989873
01989053	00613393
01989053	01989562
01989562	01989053
01989873	01986869
01994442	00799383
01995211	00571596
01995211	01351170
01995211	01854132
01995549	02679899
01999423	02729023
02002720	02056466
02009433	02015598
02009433	02383440
02015168	02380980
02015384	02054703
02015598	02009433
02018372	01155090
02020590	02021532
02021532	02020590
02023107	02428924
02029492	01377571
02030764	02073233
02045043	02045790
02045790	02045043
02053941	01849746
02054703	02015384
02054989	01368863
02055267	02061495
02056466	02002720
02056971	01930482
02060792	00444629
02061495	02055267
02069888	01542207
02071142	01611516
02073065	00153061
02073233	02030764
02077656	01433294
02079933	01061017
02079933	02741357
02081578	00360092
02085573	01436139
02089984	01907258
02092309	01143838
02093390	02093610
02093610	02093390
02098458	01505254
02099829	01926984
02099829	02421921
02102398	01955984
02102398	01957529
02102840	01881180
02102840	01882814
02103162	01448100
02106006	02730471
02108791	01767949
02109045	00669762
02109818	00358431
02113850	02114056
02113850	02114433
02114056	02113850
02114056	02114433
02114433	02113850
02114433	02114056
02116568	02116777
02116980	01162754
02116980	01817574
02120451	02121048
02121048	02120451
02127613	01209678
02127613	01210152
02127613	01210352
02129289	02150948
02145543	01478002
02150948	02129289
02154508	01637982
02155493	02155799
02155799	02155493
02156225	02129289
02166460	00813044
02174830	01880673
02177976	02187922
02187922	02177976
02190188	00461493
02202384	02283716
02202928	02733122
02203362	02630189
02204692	02630189
02207206	02646757
02210119	02236124
02210855	00522751
02212825	02213074
02213074	02212825
02215790	02215506
02229055	00360092
02229055	02296153
02229550	02230056
02229828	02230056
02230056	02229550
02230056	02229828
02235666	02537407
02235842	02296153
02236124	02210119
02236624	02449847
02237338	00796976
02242256	01864038
02244956	02245993
02244956	02727883
02246456	02246686
02246686	02246456
02247028	02728570
02247977	02285629
02261642	01176232
02267989	01157517
02268351	02266148
02273293	02273922
02273922	02273293
02275365	00758333
02280869	00572788
02283716	02202384
02285629	02247977
02286204	01313923
02289295	00012267
02289295	02291258
02291258	02289295
02291258	02291548
02291548	02291258
02296153	02229055
02296153	02235842
02297742	02297948
02297948	02297742
02311387	01854132
02316868	02339171
02320374	02321046
02321046	02320374
02329578	02329733
02329733	02329578
02339171	02316868
02342132	02752931
02343595	00732224
02343595	00887463
02344243	01153947
02346895	02542280
02359061	00874002
02373015	02051031
02373578	02505807
02380009	01766952
02380980	02015168
02383440	02009433
02384686	01469770
02385153	02620213
02385813	01710481
02387034	00602805
02387034	00603298
02387034	02553697
02389346	02389592
02389592	02389346
02402112	01030397
02403920	02465939
02405390	00162688
02405390	01308381
02406916	00765977
02407987	02410855
02408281	01930874
02410175	02747922
02410855	02407987
02410855	02413480
02413480	02410855
02416278	02416751
02416751	02416278
02418421	02418686
02418686	02418421
02420991	01088547
02421921	02099829
02428487	00495998
02428924	02023107
02437465	00711932
02444159	01525666
02449183	02449011
02449847	02236624
02450505	01302019
02453889	02556817
02455407	00729109
02461314	02462580
02462580	02461314
02465939	02403920
02467203	02467003
02483267	02484208
02484208	02483267
02484570	01137138
02485844	02486232
02486232	02485844
02488834	02489456
02489456	02488834
02498320	00795632
02502536	02671279
02502916	00796976
02505358	01516534
02505358	01646300
02505807	02373578
02514187	01033527
02520997	00662589
02522319	02523521
02523521	02522319
02523521	02523784
02523784	02523521
02525447	01629589
02537407	02235666
02541251	02670890
02542280	00351406
02542280	02346895
02553697	02387034
02556817	02453889
02561332	01158872
02582042	02582450
02582450	02582042
02589576	00976653
02593107	02540670
02600948	02608823
02601808	02601996
02601996	02601808
02608347	02608823
02608347	02609203
02608823	02600948
02608823	02608347
02609203	00348746
02609203	02608347
02612234	02647497
02614181	02618149
02616713	02618149
02618149	02614181
02618149	02616713
02620213	02385153
02624263	00342980
02626604	00146138
02627934	00756076
02629793	01033527
02630189	02203362
02630189	02204692
02635659	02730135
02636516	02717102
02646757	02207206
02647497	02612234
02657219	02658283
02657219	02700104
02658283	02657219
02658979	00713996
02659763	02700455
02670578	02670398
02670890	02541251
02671279	02502536
02672187	00417001
02672859	00891216
02673134	01602318
02673134	02743020
02676054	01026728
02679899	01995549
02679899	02684924
02684254	00908621
02684924	02679899
02684924	02747709
02685951	02727039
02686625	02727039
02687916	01129201
02700104	02657219
02700455	02659763
02700867	02701210
02701210	02700867
02702120	01115916
02707429	02676789
02710402	01205696
02724417	00713818
02727039	02685951
02727039	02686625
02727883	02242464
02727883	02244956
02728142	00959827
02728570	02247028
02729023	01999423
02729632	00652900
02730135	00136991
02730135	02635659
02730471	02106006
02732798	02701210
02733122	02202928
02734800	00212414
02741357	02079933
02741960	01532589
02742232	01930874
02742842	01535246
02743020	02673134
02744977	01719921
02747709	02684924
02747922	02410175
02749247	01675963
02752695	01007924
02752931	02342132
02753255	01855155
02756821	01972298
02760622	02762468
02762468	02760622
02764765	02767760
02767760	02764765
