01204055	09636106
01204055	10171219
06288527	03788498
06288527	07574923
06295235	00040962
06295235	00415988
06295235	00457228
06295235	00508952
06295235	00510050
06295235	00551714
06295235	00627437
06295235	00800121
06295235	00935005
06295235	00959645
06295235	01042764
06295235	01043333
06295235	01107726
06295235	01223877
06295235	02730568
06295235	02758270
06295235	02800793
06295235	02822399
06295235	02825442
06295235	02831595
06295235	02836607
06295235	02841315
06295235	02854739
06295235	02869249
06295235	02892948
06295235	02896442
06295235	02910864
06295235	02936020
06295235	03001282
06295235	03036341
06295235	03093574
06295235	03234164
06295235	03252064
06295235	03257877
06295235	03293321
06295235	03324928
06295235	03347472
06295235	03348454
06295235	03354350
06295235	03357081
06295235	03380134
06295235	03405265
06295235	03405595
06295235	03412906
06295235	03443912
06295235	03461119
06295235	03504420
06295235	03504723
06295235	03585438
06295235	03594734
06295235	03600285
06295235	03679384
06295235	03763727
06295235	03885028
06295235	03888605
06295235	03966976
06295235	03970363
06295235	04019335
06295235	04071393
06295235	04148054
06295235	04163530
06295235	04178329
06295235	04186848
06295235	04272054
06295235	04284735
06295235	04298171
06295235	04323819
06295235	04335693
06295235	04370288
06295235	04434932
06295235	04446162
06295235	04450749
06295235	04508489
06295235	04580493
06295235	04611654
06295235	04862236
06295235	04898087
06295235	05126228
06295235	05872742
06295235	05921685
06295235	06128307
06295235	06260121
06295235	06271778
06295235	06363778
06295235	06606464
06295235	06630017
06295235	06630627
06295235	06843838
06295235	07140348
06295235	07142365
06295235	07168623
06295235	07334876
06295235	07454452
06295235	07804152
06295235	07851054
06295235	07942152
06295235	07956250
06295235	07968702
06295235	07971023
06295235	08207540
06295235	08224684
06295235	08404895
06295235	09212572
06295235	09269972
06295235	09407346
06295235	09425344
06295235	09824609
06295235	13262462
06295235	13329641
06295235	13333047
06295235	13341756
06295235	13396054
06295235	13746946
06295235	14359459
06307152	13651520
06321054	00046639
06321054	00183090
06336537	02837416
06605046	07361863
06605046	13441387
06605046	13506727
06693870	00227507
06693870	00229630
06717170	04668139
06717170	09638009
06717170	09638245
06717170	09639719
06717170	09641226
06717170	09641422
06717170	09642917
06717170	09643078
06717170	09643545
06717170	09643670
06717170	09643799
06717170	09645091
06717170	09667205
06717170	09680657
06717170	09682122
06717170	09698337
06717170	09715521
06717170	09716439
06717170	09718652
06717170	09720406
06717170	09722898
06717170	09748239
06717170	09883947
06717170	10203682
06717170	10228864
06717170	10287082
06717170	10431330
06717170	10588182
06717170	10589243
06717170	10663137
06717170	10786992
06718862	09636339
06718862	09637684
06718862	09638009
06718862	09638245
06718862	09642917
06718862	09682122
06718862	09698337
06718862	09715521
06718862	09716439
06718862	09720406
06718862	09722898
06718862	10431330
06776138	07885937
06776138	10534389
06845599	02673480
06845599	02699343
06845599	02705651
06845599	02706373
06845599	02748618
06845599	02989178
06845599	02989313
06845599	02989475
06845599	02989685
06845599	02989893
06845599	02990561
06845599	02996249
06845599	02996840
06845599	02998209
06845599	03021531
06845599	03022041
06845599	03022788
06845599	03022978
06845599	03023175
06845599	03023415
06845599	03031553
06845599	03032576
06845599	03047353
06845599	03048412
06845599	03048598
06845599	03155334
06845599	03157582
06845599	03174211
06845599	03186005
06845599	03190303
06845599	03191967
06845599	03192142
06845599	03192347
06845599	03195118
06845599	03198637
06845599	03198951
06845599	03203441
06845599	03214051
06845599	03285106
06845599	03285348
06845599	03287459
06845599	03295357
06845599	03296759
06845599	03298211
06845599	03299006
06845599	03299648
06845599	03299788
06845599	03300578
06845599	03300907
06845599	03319858
06845599	03326948
06845599	03328392
06845599	03362393
06845599	03370927
06845599	03371363
06845599	03371532
06845599	03372656
06845599	03406597
06845599	03433079
06845599	03435382
06845599	03440024
06845599	03441778
06845599	03441930
06845599	03460674
06845599	03464266
06845599	03480186
06845599	03552169
06845599	03553708
06845599	03553908
06845599	03554131
06845599	03556281
06845599	03561889
06845599	03567325
06845599	03568653
06845599	03569657
06845599	03584111
06845599	03587442
06845599	03587874
06845599	03588046
06845599	03588668
06845599	03608356
06845599	03612134
06845599	03612378
06845599	03612559
06845599	03654086
06845599	03658373
06845599	03662016
06845599	03670622
06845599	03677308
06845599	03690005
06845599	03693089
06845599	03694490
06845599	03718056
06845599	03739327
06845599	03743577
06845599	03747103
06845599	03747281
06845599	03747508
06845599	03747746
06845599	03748456
06845599	03752649
06845599	03753657
06845599	03754822
06845599	03755545
06845599	03755991
06845599	03756624
06845599	03757428
06845599	03757925
06845599	03758720
06845599	03761845
06845599	03762809
06845599	03771066
06845599	03774673
06845599	03774842
06845599	03804048
06845599	03804311
06845599	03806381
06845599	03807052
06845599	03807895
06845599	03817062
06845599	03818090
06845599	03818843
06845599	03824014
06845599	03826443
06845599	03830582
06845599	03837157
06845599	03856148
06845599	03867515
06845599	03867675
06845599	03869044
06845599	03869222
06845599	03886237
06845599	03891851
06845599	03909835
06845599	03911251
06845599	03912328
06845599	03913129
06845599	03913437
06845599	03918297
06845599	03921337
06845599	03921749
06845599	03922412
06845599	03922561
06845599	03922722
06845599	03942244
06845599	03946532
06845599	03948041
06845599	03971771
06845599	03976268
06845599	03976467
06845599	03979847
06845599	03997980
06845599	03998525
06845599	04002931
06845599	04006727
06845599	04006953
06845599	04007510
06845599	04010348
06845599	04012852
06845599	04034641
06845599	04034884
06845599	04051068
06845599	04053995
06845599	04078236
06845599	04087524
06845599	04100994
06845599	04135315
06845599	04163740
06845599	04174853
06845599	04218383
06845599	04221994
06845599	04349701
06845599	04351776
06845599	04353016
06845599	04353410
06845599	04383537
06845599	04407007
06845599	04412550
06845599	04412727
06845599	04416530
06845599	04419315
06845599	04424003
06845599	04424936
06845599	04425262
06845599	04425656
06845599	04438742
06845599	04441282
06845599	04443588
06845599	04443918
06845599	04448511
06845599	04448826
06845599	04449796
06845599	04470037
06845599	04476633
06845599	04480625
06845599	04518854
06845599	04520618
06845599	04535634
06845599	04535826
06845599	04545471
06845599	04551205
06845599	05408388
06845599	05411049
06845599	05411571
06845599	05414147
06845599	14605132
06845599	14713748
06845599	14746048
06845599	14746417
06845599	14747168
06845599	14748335
06845599	14750782
06845599	14752702
06845599	14752952
06845599	14753188
06845599	14753414
06845599	14753808
06845599	14777277
06845599	14777606
06845599	14838217
06845599	14859622
06845599	14861042
06845599	14886579
06845599	14910165
06845599	14928885
06845599	15017121
06845599	15042542
06845599	15071684
06845599	15078768
06851742	02668093
06851742	02674482
06851742	02678528
06851742	02696384
06851742	02698036
06851742	02702575
06851742	02705651
06851742	02706373
06851742	02711890
06851742	02731629
06851742	02748618
06851742	02754421
06851742	02765247
06851742	02830596
06851742	02926044
06851742	02983507
06851742	02992795
06851742	03268142
06851742	03534776
06851742	03584254
06851742	03753826
06851742	03767459
06851742	03777568
06851742	03808144
06851742	03869389
06851742	04302988
06851742	04419315
06851742	04524594
06851742	07910656
06851742	10510078
06851742	14776924
06851742	14777104
06851742	14777188
06851742	14777441
06851742	14777523
06851742	14777768
06851742	14777939
06851742	14839322
06947658	10119953
06951067	10588182
07073447	00415988
07073447	00475996
07073447	01426397
07073447	02527085
07073447	02637202
07073447	02743112
07073447	03537550
07073447	05833252
07073447	09636339
07073447	09637512
07073447	09643078
07073447	14416473
07073447	14950300
07075172	00008007
07075172	00025728
07075172	00039318
07075172	00168564
07075172	00476819
07075172	00583089
07075172	00590241
07075172	00733632
07075172	00854393
07075172	01172598
07075172	01906322
07075172	02010698
07075172	02167210
07075172	02532458
07075172	02600082
07075172	03173142
07075172	03436182
07075172	04066023
07075172	04931267
07075172	05032351
07075172	05105009
07075172	05311054
07075172	05601357
07075172	05786372
07075172	05828102
07075172	05828263
07075172	05921685
07075172	06547832
07075172	06610436
07075172	06716796
07075172	06947658
07075172	07144416
07075172	07677860
07075172	07907037
07075172	09125984
07075172	09853881
07075172	09879144
07075172	09976283
07075172	10011785
07075172	10013114
07075172	10022908
07075172	10085101
07075172	10097477
07075172	10117851
07075172	10123711
07075172	10162780
07075172	10194566
07075172	10251329
07075172	10314182
07075172	10335801
07075172	10531557
07075172	10627899
07075172	10628368
07075172	10638136
07075172	10719395
07075172	10788852
07075172	13259797
07075172	13366428
07075172	13372123
07075172	14521954
07091587	14412564
07091902	00075283
07091902	09476717
07091902	10358575
07105475	00038573
07105475	00064151
07105475	00064370
07105475	00753973
07105475	06261060
07105475	11414041
07105475	13855828
07105475	15144178
07105475	15268094
07105475	15294745
07108453	03507241
07108453	09618957
07124340	05526713
07124340	06611376
07124340	06611856
07124340	09815188
07124340	13740765
07124340	14854581
07155661	00074641
07155661	01236941
07157273	00009373
07157273	00046449
07157273	00341184
07157273	00359806
07157273	00361041
07157273	00780615
07157273	00783063
07157273	00784934
07157273	00808614
07157273	00811036
07157273	00846021
07157273	00855301
07157273	00856193
07157273	00882045
07157273	00896688
07157273	00993787
07157273	01210152
07157273	01709781
07157273	02227362
07157273	02614023
07157273	02830596
07157273	02936281
07157273	02983507
07157273	03167978
07157273	03427202
07157273	03758614
07157273	03823540
07157273	04145735
07157273	04753799
07157273	05033046
07157273	05218119
07157273	05262422
07157273	05538215
07157273	05556071
07157273	05715150
07157273	06506603
07157273	06609909
07157273	06611147
07157273	06611998
07157273	06617413
07157273	06730241
07157273	07448232
07157273	07459642
07157273	07577657
07157273	08225334
07157273	09639719
07157273	09641226
07157273	09641422
07157273	09643799
07157273	09667205
07157273	09682122
07157273	09698337
07157273	09716439
07157273	09718652
07157273	09720406
07157273	09748239
07157273	09827363
07157273	09831731
07157273	09863339
07157273	09883947
07157273	10138242
07157273	10153155
07157273	10375690
07157273	10386196
07157273	10557246
07157273	10643584
07157273	10673946
07157273	10729923
07157273	10753779
07157273	10786992
07157273	11470348
07157273	13250680
07157273	13724838
07157273	14050434
07157273	14372286
07157273	14375761
07157273	14408519
08860123	03101796
08860123	03904183
08860123	04134339
08860123	04135315
08860123	04217546
08860123	04370048
08860123	05815890
08860123	07674749
08860123	07707451
08860123	07711080
08860123	10071332
08860123	10142747
08860123	10548227
08860123	15246853
