00003356	00003553
00003553	00003356
00064479	00065184
00065184	00064479
00095280	00095873
00095873	00095280
00130778	00131018
00131018	00130778
00166146	00167278
00166146	00168910
00167278	00166146
00168910	00166146
00319534	00320536
00320536	00319534
00386392	00392093
00392093	00386392
00394562	00400101
00397191	00394562
00400101	00394562
00418110	00417413
00444519	00445169
00445169	00444519
00505853	00504592
00535452	00535844
00535452	00536304
00535452	00536655
00535844	00535452
00536304	00535452
00536655	00535452
00708017	00709625
00709625	00708017
00727564	00728826
00728826	00727564
00732960	00733632
00733632	00732960
00779374	00780575
00780575	00779374
00808614	00808191
00962634	00963283
00963283	00962634
01017738	01020117
01020117	01017738
01115349	01116026
01116026	01115349
01160031	01161635
01161635	01160031
01251128	01252566
01252566	01251128
01257145	01256332
01412415	01412912
01412912	01412415
01548193	01548694
01548694	01548193
01749320	01751353
01751353	01749320
01809655	01811172
01811172	01809655
01834304	01835276
01835276	01834304
01894758	01895630
01895630	01894758
01947266	01948573
01948573	01947266
02100236	02099774
02111684	02112891
02112891	02111684
02166346	02168699
02168699	02166346
02341266	02344381
02344381	02341266
02392878	02393086
02393086	02392878
02504131	02505141
02505141	02504131
02513740	02515214
02515214	02513740
02515341	02517169
02517169	02515341
02559180	02559862
02559862	02559180
