0.3315437273611
0.3315437273611
0.3238331684717756
0.3238331684717756
0.32676432605308103
0.32676432605308103
0.3212743240054164
0.3212743240054164
0.35327928702820016
0.35327928702820016
0.3253377751070449
0.3253377751070449
0.33458826591094026
0.33458826591094026
0.3186468288939255
0.3186468288939255
0.3215644067199855
0.3215644067199855
0.31712639648675955
0.31712639648675955
0.3198417412102122
0.3198417412102122
0.3398173222637104
0.3398173222637104
0.3061963611232668
0.3061963611232668
0.3163502456912293
0.3163502456912293
0.3387225679824187
0.3387225679824187
0.32759838201014674
0.32759838201014674
0.3222147784607015
0.3222147784607015
0.3275480619971591
0.3275480619971591
0.3223757094864698
0.3223757094864698
0.3297446196158991
0.3297446196158991
0.33046200859996655
0.33046200859996655
0.31752168117103596
0.31752168117103596
0.3291686262007372
0.3291686262007372
0.33116898381622695
0.33116898381622695
0.31728749879570173
0.31728749879570173
0.33211596079927136
0.33211596079927136
0.3096857026851912
0.3096857026851912
0.35169528773494957
0.35169528773494957
0.3295254001209249
0.3295254001209249
0.3359165087373997
0.3359165087373997
0.3436149230235554
0.3436149230235554
0.3278173268969293
0.3278173268969293
0.32779462381305696
0.32779462381305696
0.3397797389445587
0.3397797389445587
0.3353734295258351
0.3353734295258351
0.30889979253359545
0.30889979253359545
0.34271489403777894
0.34271489403777894
0.30783330021492955
0.30783330021492955
0.31794367154262837
0.31794367154262837
0.330355369495505
0.330355369495505
0.2993335425017601
0.2993335425017601
0.32707094295477807
0.32707094295477807
0.3307446834913239
0.3307446834913239
0.3475949889022734
0.3475949889022734
0.32651300227168273
0.32651300227168273
0.32015174642856753
0.32015174642856753
0.3349964411403091
0.3349964411403091
0.3229630023183391
0.3229630023183391
0.33814795055760777
0.33814795055760777
0.33297147929415966
0.33297147929415966
0.306171956875634
0.306171956875634
0.31434361629181923
0.31434361629181923
0.3249998572339426
0.3249998572339426
0.33590947205623767
0.33590947205623767
0.33476356846867455
0.33476356846867455
0.3058207480928768
0.3058207480928768
0.3397238182149293
0.3397238182149293
0.3348041206192283
0.3348041206192283
0.320010449132158
0.320010449132158
0.31848524016997576
0.31848524016997576
0.3339444550486937
0.3339444550486937
0.3216017322928808
0.3216017322928808
0.3429305100011257
0.3429305100011257
0.3155970428318426
0.3155970428318426
0.3385447983827381
0.3385447983827381
0.344558163789979
0.344558163789979
0.3354968655588854
0.3354968655588854
0.3301423885659322
0.3301423885659322
0.3518198806332411
0.3518198806332411
0.31995377638624567
0.31995377638624567
0.3459546240304326
0.3459546240304326
0.32277887801270344
0.32277887801270344
0.33371769932823686
0.33371769932823686
0.32268281519631525
0.32268281519631525
0.33989123416331085
0.33989123416331085
0.34406775570967246
0.34406775570967246
0.31874059128191273
0.31874059128191273
0.32282180108039
0.32282180108039
0.323673805549256
0.323673805549256
0.3157951040238473
0.3157951040238473
0.3439868023476345
0.3439868023476345
0.3548212990164752
0.3548212990164752
0.3344708191672457
0.3344708191672457
0.3249187044320949
0.3249187044320949
0.30629734208129583
0.30629734208129583
0.3234478340068447
0.3234478340068447
0.31883493265896057
0.31883493265896057
0.3264139732770494
0.3264139732770494
0.3419379220621373
0.3419379220621373
0.3107365396370057
0.3107365396370057
0.3318585645506899
0.3318585645506899
0.33403310104529615
0.33403310104529615
0.3434260194462401
0.3434260194462401
0.3347419972725972
0.3347419972725972
0.3147905953432439
0.3147905953432439
0.3390345719324495
0.3390345719324495
0.32873458674533723
0.32873458674533723
0.3389673995440155
0.3389673995440155
0.32375052982456065
0.32375052982456065
0.3208723805740895
0.3208723805740895
0.3457300873381248
0.3457300873381248
0.3288089165715707
0.3288089165715707
0.32930060667845734
0.32930060667845734
0.32902951633092464
0.32902951633092464
0.33451723511463594
0.33451723511463594
0.33795675597082403
0.33795675597082403
0.32031053379926905
0.32031053379926905
0.33588345591891694
0.33588345591891694
0.33140720287200526
0.33140720287200526
0.33490487816377645
0.33490487816377645
0.3559954579275479
0.3559954579275479
0.3300329926762366
0.3300329926762366
0.3186700757513021
0.3186700757513021
0.3077885016416768
0.3077885016416768
0.3255391818522402
0.3255391818522402
0.3239950733167677
0.3239950733167677
0.33605095735402335
0.33605095735402335
0.3152421435289696
0.3152421435289696
0.3182267291392478
0.3182267291392478
0.3447785029669819
0.3447785029669819
0.32812645984287775
0.32812645984287775
0.32798912109731243
0.32798912109731243
0.33555901361916923
0.33555901361916923
0.32520515462109606
0.32520515462109606
0.31837809451081794
0.31837809451081794
0.3472440287475665
0.3472440287475665
0.3262702716170182
0.3262702716170182
0.32930431043117825
0.32930431043117825
0.3270715077915995
0.3270715077915995
0.3098843876256157
0.3098843876256157
0.3340048187366654
0.3340048187366654
0.2954971965227383
0.2954971965227383
0.3125650177122497
0.3125650177122497
0.3165026367866432
0.3165026367866432
0.3078521165485837
0.3078521165485837
0.3164452027651874
0.3164452027651874
0.31606504367907745
0.31606504367907745
0.3175084607878543
0.3175084607878543
0.3317759142948897
0.3317759142948897
0.32454305295905256
0.32454305295905256
0.34408427847962475
0.34408427847962475
0.3269693135217952
0.3269693135217952
0.3110094246975134
0.3110094246975134
0.3187005186211175
0.3187005186211175
0.33963527948001215
0.33963527948001215
0.3196823875376494
0.3196823875376494
0.321564791616306
0.321564791616306
0.33775828814078984
0.33775828814078984
0.3420574105581247
0.3420574105581247
0.3284391423152522
0.3284391423152522
0.3438145416662046
0.3438145416662046
0.3302961484062674
0.3302961484062674
0.3241065488361146
0.3241065488361146
0.33077217608562126
0.33077217608562126
0.3291387315966407
0.3291387315966407
0.32857282535179105
0.32857282535179105
0.3494538966511567
0.3494538966511567
0.33665283187648526
0.33665283187648526
0.3224384560142853
0.3224384560142853
0.334405747523229
0.334405747523229
0.32591046468098445
0.32591046468098445
0.3344392706519452
0.3344392706519452
0.3225822489417306
0.3225822489417306
0.3345931359767209
0.3345931359767209
0.32901158641117095
0.32901158641117095
0.3355962897980668
0.3355962897980668
0.3392934220906035
0.3392934220906035
0.31323989322692763
0.31323989322692763
0.34256341874687957
0.34256341874687957
0.32929700224888264
0.32929700224888264
0.3502522253762737
0.3502522253762737
0.30309448916899867
0.30309448916899867
0.3207151268261716
0.3207151268261716
0.31380977927340886
0.31380977927340886
0.3284880811239986
0.3284880811239986
0.32371747645736154
0.32371747645736154
0.316695851499798
0.316695851499798
0.32151505321967866
0.32151505321967866
0.34041112941875507
0.34041112941875507
0.33412535408312305
0.33412535408312305
0.3449864507518386
0.3449864507518386
0.2933198786713276
0.2933198786713276
0.29893000700681677
0.29893000700681677
0.33880746134103107
0.33880746134103107
0.3208519496731465
0.3208519496731465
0.34100388824259215
0.34100388824259215
0.3299468545181397
0.3299468545181397
0.3258550612904976
0.3258550612904976
0.3416056732992127
0.3416056732992127
0.34748694787743756
0.34748694787743756
0.3375339490447229
0.3375339490447229
0.31964843087811184
0.31964843087811184
0.31457543762690526
0.31457543762690526
0.3312032046743309
0.3312032046743309
0.3361391449166367
0.3361391449166367
0.3066963534056056
0.3066963534056056
0.33009052620122825
0.33009052620122825
0.3256552502230448
0.3256552502230448
0.3224519557933922
0.3224519557933922
0.3386982648489132
0.3386982648489132
0.3138786143180006
0.3138786143180006
0.3401315644506151
0.3401315644506151
0.33378267365604825
0.33378267365604825
0.34823761262902525
0.34823761262902525
0.3334271256070036
0.3334271256070036
0.3251470666293086
0.3251470666293086
0.33050646342727935
0.33050646342727935
0.3253949408220589
0.3253949408220589
0.34159326904150444
0.34159326904150444
0.30305184634021426
0.30305184634021426
0.3370062525303357
0.3370062525303357
0.29652038331885067
0.29652038331885067
0.32414295808396215
0.32414295808396215
0.31718960421325076
0.31718960421325076
0.3301904579647346
0.3301904579647346
0.3171363808491405
0.3171363808491405
0.34162144641467956
0.34162144641467956
0.34044331076482787
0.34044331076482787
0.3195018846658191
0.3195018846658191
0.3307622528262749
0.3307622528262749
0.3184385469628052
0.3184385469628052
0.346076129706083
0.346076129706083
0.36335417298973005
0.36335417298973005
0.33801314127809445
0.33801314127809445
0.3242103062104095
0.3242103062104095
0.31491540018573816
0.31491540018573816
0.33347814951477467
0.33347814951477467
0.31540527699176496
0.31540527699176496
0.3380965791500545
0.3380965791500545
0.3148511527144735
0.3148511527144735
0.31979180794981377
0.31979180794981377
0.326969342731561
0.326969342731561
0.34130416320943135
0.34130416320943135
0.3400227217353416
0.3400227217353416
0.3385859809721943
0.3385859809721943
0.3326862861830819
0.3326862861830819
0.33637222047471854
0.33637222047471854
0.30735629304558804
0.30735629304558804
0.32985757102584173
0.32985757102584173
0.33781360849384207
0.33781360849384207
0.33522662977537343
0.33522662977537343
0.3491414688747078
0.3491414688747078
0.341600998240218
0.341600998240218
0.31832715981140497
0.31832715981140497
0.3209731066607004
0.3209731066607004
0.3239290662111283
0.3239290662111283
0.30440668817381145
0.30440668817381145
0.3099465725897045
0.3099465725897045
0.31930640933874144
0.31930640933874144
0.32584213589312877
0.32584213589312877
